jurisdiction,year,ipcc_code,iea_code,Product,tax_rate_incl_ex_kusd,ets_price_kusd,all_inst_kusd
Kochi,1989,0,,,,,0.0
Kochi,1989,1,,,,,0.0
Kochi,1989,1A,ABFLOW001,Coal,,,0.0
Kochi,1989,1A,ABFLOW001,Natural gas,,,0.0
Kochi,1989,1A,ABFLOW001,Oil,,,0.0
Kochi,1989,1A1,,Coal,,,0.0
Kochi,1989,1A1,,Natural gas,,,0.0
Kochi,1989,1A1,,Oil,,,0.0
Kochi,1989,1A1A,ABFLOW002,Coal,,,0.0
Kochi,1989,1A1A,ABFLOW002,Natural gas,,,0.0
Kochi,1989,1A1A,ABFLOW002,Oil,,,0.0
Kochi,1989,1A1A1,ABFLOW003,Coal,,,0.0
Kochi,1989,1A1A1,ABFLOW003,Natural gas,,,0.0
Kochi,1989,1A1A1,ABFLOW003,Oil,,,0.0
Kochi,1989,1A1A2,ABFLOW004,Coal,,,0.0
Kochi,1989,1A1A2,ABFLOW004,Natural gas,,,0.0
Kochi,1989,1A1A2,ABFLOW004,Oil,,,0.0
Kochi,1989,1A1A3,ABFLOW005,Coal,,,0.0
Kochi,1989,1A1A3,ABFLOW005,Natural gas,,,0.0
Kochi,1989,1A1A3,ABFLOW005,Oil,,,0.0
Kochi,1989,1A1B,ABFLOW011,Coal,,,0.0
Kochi,1989,1A1B,ABFLOW011,Natural gas,,,0.0
Kochi,1989,1A1B,ABFLOW011,Oil,,,0.0
Kochi,1989,1A1C,ABFLOW011,Coal,,,0.0
Kochi,1989,1A1C,ABFLOW011,Natural gas,,,0.0
Kochi,1989,1A1C,ABFLOW011,Oil,,,0.0
Kochi,1989,1A2,ABFLOW012,Coal,,,0.0
Kochi,1989,1A2,ABFLOW012,Natural gas,,,0.0
Kochi,1989,1A2,ABFLOW012,Oil,,,0.0
Kochi,1989,1A2A,ABFLOW016,Coal,,,0.0
Kochi,1989,1A2A,ABFLOW016,Natural gas,,,0.0
Kochi,1989,1A2A,ABFLOW016,Oil,,,0.0
Kochi,1989,1A2B,ABFLOW018,Coal,,,0.0
Kochi,1989,1A2B,ABFLOW018,Natural gas,,,0.0
Kochi,1989,1A2B,ABFLOW018,Oil,,,0.0
Kochi,1989,1A2C,ABFLOW017,Coal,,,0.0
Kochi,1989,1A2C,ABFLOW017,Natural gas,,,0.0
Kochi,1989,1A2C,ABFLOW017,Oil,,,0.0
Kochi,1989,1A2D,ABFLOW023,Coal,,,0.0
Kochi,1989,1A2D,ABFLOW023,Natural gas,,,0.0
Kochi,1989,1A2D,ABFLOW023,Oil,,,0.0
Kochi,1989,1A2E,ABFLOW022,Coal,,,0.0
Kochi,1989,1A2E,ABFLOW022,Natural gas,,,0.0
Kochi,1989,1A2E,ABFLOW022,Oil,,,0.0
Kochi,1989,1A2F,ABFLOW019,Coal,,,0.0
Kochi,1989,1A2F,ABFLOW019,Natural gas,,,0.0
Kochi,1989,1A2F,ABFLOW019,Oil,,,0.0
Kochi,1989,1A2G,ABFLOW020,Coal,,,0.0
Kochi,1989,1A2G,ABFLOW020,Natural gas,,,0.0
Kochi,1989,1A2G,ABFLOW020,Oil,,,0.0
Kochi,1989,1A2H,ABFLOW021,Coal,,,0.0
Kochi,1989,1A2H,ABFLOW021,Natural gas,,,0.0
Kochi,1989,1A2H,ABFLOW021,Oil,,,0.0
Kochi,1989,1A2I,ABFLOW013,Coal,,,0.0
Kochi,1989,1A2I,ABFLOW013,Natural gas,,,0.0
Kochi,1989,1A2I,ABFLOW013,Oil,,,0.0
Kochi,1989,1A2J,ABFLOW024,Coal,,,0.0
Kochi,1989,1A2J,ABFLOW024,Natural gas,,,0.0
Kochi,1989,1A2J,ABFLOW024,Oil,,,0.0
Kochi,1989,1A2K,ABFLOW014,Coal,,,0.0
Kochi,1989,1A2K,ABFLOW014,Natural gas,,,0.0
Kochi,1989,1A2K,ABFLOW014,Oil,,,0.0
Kochi,1989,1A2L,ABFLOW025,Coal,,,0.0
Kochi,1989,1A2L,ABFLOW025,Natural gas,,,0.0
Kochi,1989,1A2L,ABFLOW025,Oil,,,0.0
Kochi,1989,1A2M,ABFLOW026,Coal,,,0.0
Kochi,1989,1A2M,ABFLOW026,Natural gas,,,0.0
Kochi,1989,1A2M,ABFLOW026,Oil,,,0.0
Kochi,1989,1A3,ABFLOW027,Coal,,,0.0
Kochi,1989,1A3,ABFLOW027,Natural gas,,,0.0
Kochi,1989,1A3,ABFLOW027,Oil,,,0.0
Kochi,1989,1A3A,,Coal,,,0.0
Kochi,1989,1A3A,,Natural gas,,,0.0
Kochi,1989,1A3A,,Oil,,,0.0
Kochi,1989,1A3A1,ABFLOW040,Coal,,,0.0
Kochi,1989,1A3A1,ABFLOW040,Natural gas,,,0.0
Kochi,1989,1A3A1,ABFLOW040,Oil,,,0.0
Kochi,1989,1A3A2,ABFLOW029,Coal,,,0.0
Kochi,1989,1A3A2,ABFLOW029,Natural gas,,,0.0
Kochi,1989,1A3A2,ABFLOW029,Oil,,,0.0
Kochi,1989,1A3B,ABFLOW028,Coal,,,0.0
Kochi,1989,1A3B,ABFLOW028,Natural gas,,,0.0
Kochi,1989,1A3B,ABFLOW028,Oil,,,0.0
Kochi,1989,1A3C,ABFLOW030,Coal,,,0.0
Kochi,1989,1A3C,ABFLOW030,Natural gas,,,0.0
Kochi,1989,1A3C,ABFLOW030,Oil,,,0.0
Kochi,1989,1A3D,,Coal,,,0.0
Kochi,1989,1A3D,,Natural gas,,,0.0
Kochi,1989,1A3D,,Oil,,,0.0
Kochi,1989,1A3D1,ABFLOW039,Coal,,,0.0
Kochi,1989,1A3D1,ABFLOW039,Natural gas,,,0.0
Kochi,1989,1A3D1,ABFLOW039,Oil,,,0.0
Kochi,1989,1A3D2,ABFLOW032,Coal,,,0.0
Kochi,1989,1A3D2,ABFLOW032,Natural gas,,,0.0
Kochi,1989,1A3D2,ABFLOW032,Oil,,,0.0
Kochi,1989,1A3E,,Coal,,,0.0
Kochi,1989,1A3E,,Natural gas,,,0.0
Kochi,1989,1A3E,,Oil,,,0.0
Kochi,1989,1A3E1,ABFLOW033,Coal,,,0.0
Kochi,1989,1A3E1,ABFLOW033,Natural gas,,,0.0
Kochi,1989,1A3E1,ABFLOW033,Oil,,,0.0
Kochi,1989,1A4,,Coal,,,0.0
Kochi,1989,1A4,,Natural gas,,,0.0
Kochi,1989,1A4,,Oil,,,0.0
Kochi,1989,1A4A,ABFLOW035,Coal,,,0.0
Kochi,1989,1A4A,ABFLOW035,Natural gas,,,0.0
Kochi,1989,1A4A,ABFLOW035,Oil,,,0.0
Kochi,1989,1A4B,ABFLOW034,Coal,,,0.0
Kochi,1989,1A4B,ABFLOW034,Natural gas,,,0.0
Kochi,1989,1A4B,ABFLOW034,Oil,,,0.0
Kochi,1989,1A4C,,Coal,,,0.0
Kochi,1989,1A4C,,Natural gas,,,0.0
Kochi,1989,1A4C,,Oil,,,0.0
Kochi,1989,1A4C1,ABFLOW036,Coal,,,0.0
Kochi,1989,1A4C1,ABFLOW036,Natural gas,,,0.0
Kochi,1989,1A4C1,ABFLOW036,Oil,,,0.0
Kochi,1989,1A4C2,ABFLOW037,Coal,,,0.0
Kochi,1989,1A4C2,ABFLOW037,Natural gas,,,0.0
Kochi,1989,1A4C2,ABFLOW037,Oil,,,0.0
Kochi,1989,1A4C3,,Coal,,,0.0
Kochi,1989,1A4C3,,Natural gas,,,0.0
Kochi,1989,1A4C3,,Oil,,,0.0
Kochi,1989,1A5,ABFLOW038,Coal,,,0.0
Kochi,1989,1A5,ABFLOW038,Natural gas,,,0.0
Kochi,1989,1A5,ABFLOW038,Oil,,,0.0
Kochi,1989,1A5A,,Coal,,,0.0
Kochi,1989,1A5A,,Natural gas,,,0.0
Kochi,1989,1A5A,,Oil,,,0.0
Kochi,1989,1A5B,,Coal,,,0.0
Kochi,1989,1A5B,,Natural gas,,,0.0
Kochi,1989,1A5B,,Oil,,,0.0
Kochi,1989,1A5C,,Coal,,,0.0
Kochi,1989,1A5C,,Natural gas,,,0.0
Kochi,1989,1A5C,,Oil,,,0.0
Kochi,1989,1B,,,,,0.0
Kochi,1989,1B1,,,,,0.0
Kochi,1989,1B1A,,,,,0.0
Kochi,1989,1B1A1,,,,,0.0
Kochi,1989,1B1A11,,,,,0.0
Kochi,1989,1B1A12,,,,,0.0
Kochi,1989,1B1A13,,,,,0.0
Kochi,1989,1B1A14,,,,,0.0
Kochi,1989,1B1A2,,,,,0.0
Kochi,1989,1B1A21,,,,,0.0
Kochi,1989,1B1A22,,,,,0.0
Kochi,1989,1B1B,,,,,0.0
Kochi,1989,1B2,,,,,0.0
Kochi,1989,1B2A,,,,,0.0
Kochi,1989,1B2A1,,,,,0.0
Kochi,1989,1B2A2,,,,,0.0
Kochi,1989,1B2A3,,,,,0.0
Kochi,1989,1B2A31,,,,,0.0
Kochi,1989,1B2A32,,,,,0.0
Kochi,1989,1B2A33,,,,,0.0
Kochi,1989,1B2A34,,,,,0.0
Kochi,1989,1B2A35,,,,,0.0
Kochi,1989,1B2A36,,,,,0.0
Kochi,1989,1B2B,,,,,0.0
Kochi,1989,1B2B1,,,,,0.0
Kochi,1989,1B2B2,,,,,0.0
Kochi,1989,1B2B3,,,,,0.0
Kochi,1989,1B2B31,,,,,0.0
Kochi,1989,1B2B32,,,,,0.0
Kochi,1989,1B2B33,,,,,0.0
Kochi,1989,1B2B34,,,,,0.0
Kochi,1989,1B2B35,,,,,0.0
Kochi,1989,1B2B36,,,,,0.0
Kochi,1989,1B3,,,,,0.0
Kochi,1989,1C,,,,,0.0
Kochi,1989,1C1,,,,,0.0
Kochi,1989,1C1A,,,,,0.0
Kochi,1989,1C1B,,,,,0.0
Kochi,1989,1C1C,,,,,0.0
Kochi,1989,1C2,,,,,0.0
Kochi,1989,1C2A,,,,,0.0
Kochi,1989,1C2B,,,,,0.0
Kochi,1989,1C3,,,,,0.0
Kochi,1989,2,,,,,0.0
Kochi,1989,20,,,,,0.0
Kochi,1989,200,,,,,0.0
Kochi,1989,2000,,,,,0.0
Kochi,1989,20000,,,,,0.0
Kochi,1989,200000,,,,,0.0
Kochi,1989,2A,,,,,0.0
Kochi,1989,2A1,,,,,0.0
Kochi,1989,2A2,,,,,0.0
Kochi,1989,2A3,,,,,0.0
Kochi,1989,2A4,,,,,0.0
Kochi,1989,2A4A,,,,,0.0
Kochi,1989,2A4B,,,,,0.0
Kochi,1989,2A4C,,,,,0.0
Kochi,1989,2A4D,,,,,0.0
Kochi,1989,2B,,,,,0.0
Kochi,1989,2B1,,,,,0.0
Kochi,1989,2B10,,,,,0.0
Kochi,1989,2B2,,,,,0.0
Kochi,1989,2B3,,,,,0.0
Kochi,1989,2B4,,,,,0.0
Kochi,1989,2B5,,,,,0.0
Kochi,1989,2B6,,,,,0.0
Kochi,1989,2B7,,,,,0.0
Kochi,1989,2B8,,,,,0.0
Kochi,1989,2B8A,,,,,0.0
Kochi,1989,2B8B,,,,,0.0
Kochi,1989,2B8C,,,,,0.0
Kochi,1989,2B8D,,,,,0.0
Kochi,1989,2B8E,,,,,0.0
Kochi,1989,2B8F,,,,,0.0
Kochi,1989,2B9,,,,,0.0
Kochi,1989,2B9A,,,,,0.0
Kochi,1989,2B9B,,,,,0.0
Kochi,1989,2C,,,,,0.0
Kochi,1989,2C1,,,,,0.0
Kochi,1989,2C2,,,,,0.0
Kochi,1989,2C3,,,,,0.0
Kochi,1989,2C4,,,,,0.0
Kochi,1989,2C5,,,,,0.0
Kochi,1989,2C6,,,,,0.0
Kochi,1989,2C7,,,,,0.0
Kochi,1989,2D,,,,,0.0
Kochi,1989,2D1,,,,,0.0
Kochi,1989,2D2,,,,,0.0
Kochi,1989,2D3,,,,,0.0
Kochi,1989,2D4,,,,,0.0
Kochi,1989,2E,,,,,0.0
Kochi,1989,2F,,,,,0.0
Kochi,1989,2F1,,,,,0.0
Kochi,1989,2F2,,,,,0.0
Kochi,1989,2F3,,,,,0.0
Kochi,1989,2F4,,,,,0.0
Kochi,1989,2F5,,,,,0.0
Kochi,1989,2F6,,,,,0.0
Kochi,1989,2G,,,,,0.0
Kochi,1989,2G1,,,,,0.0
Kochi,1989,2G2,,,,,0.0
Kochi,1989,2G3,,,,,0.0
Kochi,1989,2G4,,,,,0.0
Kochi,1989,2H,,,,,0.0
Kochi,1989,2H1,,,,,0.0
Kochi,1989,2H2,,,,,0.0
Kochi,1989,2H3,,,,,0.0
Kochi,1989,3,,,,,0.0
Kochi,1989,3A,,,,,0.0
Kochi,1989,3A1,,,,,0.0
Kochi,1989,3A2,,,,,0.0
Kochi,1989,3B,,,,,0.0
Kochi,1989,3B1,,,,,0.0
Kochi,1989,3B1A,,,,,0.0
Kochi,1989,3B1B,,,,,0.0
Kochi,1989,3B2,,,,,0.0
Kochi,1989,3B2A,,,,,0.0
Kochi,1989,3B2B,,,,,0.0
Kochi,1989,3B3,,,,,0.0
Kochi,1989,3B3A,,,,,0.0
Kochi,1989,3B3B,,,,,0.0
Kochi,1989,3B4,,,,,0.0
Kochi,1989,3B4A,,,,,0.0
Kochi,1989,3B4B,,,,,0.0
Kochi,1989,3B5,,,,,0.0
Kochi,1989,3B5A,,,,,0.0
Kochi,1989,3B5B,,,,,0.0
Kochi,1989,3B6,,,,,0.0
Kochi,1989,3B6A,,,,,0.0
Kochi,1989,3B6B,,,,,0.0
Kochi,1989,3B6B1,,,,,0.0
Kochi,1989,3B6B2,,,,,0.0
Kochi,1989,3B6B3,,,,,0.0
Kochi,1989,3B6B4,,,,,0.0
Kochi,1989,3B6B5,,,,,0.0
Kochi,1989,3C,,,,,0.0
Kochi,1989,3C1,,,,,0.0
Kochi,1989,3C2,,,,,0.0
Kochi,1989,3C3,,,,,0.0
Kochi,1989,3C4,,,,,0.0
Kochi,1989,3C5,,,,,0.0
Kochi,1989,3C6,,,,,0.0
Kochi,1989,3C7,,,,,0.0
Kochi,1989,3C8,,,,,0.0
Kochi,1989,3D,,,,,0.0
Kochi,1989,3D1,,,,,0.0
Kochi,1989,3D2,,,,,0.0
Kochi,1989,4,,,,,0.0
Kochi,1989,4A,,,,,0.0
Kochi,1989,4A1,,,,,0.0
Kochi,1989,4A2,,,,,0.0
Kochi,1989,4A3,,,,,0.0
Kochi,1989,4B,,,,,0.0
Kochi,1989,4C,,,,,0.0
Kochi,1989,4C1,,,,,0.0
Kochi,1989,4C2,,,,,0.0
Kochi,1989,4D,,,,,0.0
Kochi,1989,4D1,,,,,0.0
Kochi,1989,4D2,,,,,0.0
Kochi,1989,4E,,,,,0.0
Kochi,1989,5,,,,,0.0
Kochi,1989,5A,,,,,0.0
Kochi,1989,5A1,,,,,0.0
Kochi,1989,5A2,,,,,0.0
Kochi,1990,0,,,,,0.0
Kochi,1990,1,,,,,0.0
Kochi,1990,1A,ABFLOW001,Coal,,,0.0
Kochi,1990,1A,ABFLOW001,Natural gas,,,0.0
Kochi,1990,1A,ABFLOW001,Oil,,,0.0
Kochi,1990,1A1,,Coal,,,0.0
Kochi,1990,1A1,,Natural gas,,,0.0
Kochi,1990,1A1,,Oil,,,0.0
Kochi,1990,1A1A,ABFLOW002,Coal,,,0.0
Kochi,1990,1A1A,ABFLOW002,Natural gas,,,0.0
Kochi,1990,1A1A,ABFLOW002,Oil,,,0.0
Kochi,1990,1A1A1,ABFLOW003,Coal,,,0.0
Kochi,1990,1A1A1,ABFLOW003,Natural gas,,,0.0
Kochi,1990,1A1A1,ABFLOW003,Oil,,,0.0
Kochi,1990,1A1A2,ABFLOW004,Coal,,,0.0
Kochi,1990,1A1A2,ABFLOW004,Natural gas,,,0.0
Kochi,1990,1A1A2,ABFLOW004,Oil,,,0.0
Kochi,1990,1A1A3,ABFLOW005,Coal,,,0.0
Kochi,1990,1A1A3,ABFLOW005,Natural gas,,,0.0
Kochi,1990,1A1A3,ABFLOW005,Oil,,,0.0
Kochi,1990,1A1B,ABFLOW011,Coal,,,0.0
Kochi,1990,1A1B,ABFLOW011,Natural gas,,,0.0
Kochi,1990,1A1B,ABFLOW011,Oil,,,0.0
Kochi,1990,1A1C,ABFLOW011,Coal,,,0.0
Kochi,1990,1A1C,ABFLOW011,Natural gas,,,0.0
Kochi,1990,1A1C,ABFLOW011,Oil,,,0.0
Kochi,1990,1A2,ABFLOW012,Coal,,,0.0
Kochi,1990,1A2,ABFLOW012,Natural gas,,,0.0
Kochi,1990,1A2,ABFLOW012,Oil,,,0.0
Kochi,1990,1A2A,ABFLOW016,Coal,,,0.0
Kochi,1990,1A2A,ABFLOW016,Natural gas,,,0.0
Kochi,1990,1A2A,ABFLOW016,Oil,,,0.0
Kochi,1990,1A2B,ABFLOW018,Coal,,,0.0
Kochi,1990,1A2B,ABFLOW018,Natural gas,,,0.0
Kochi,1990,1A2B,ABFLOW018,Oil,,,0.0
Kochi,1990,1A2C,ABFLOW017,Coal,,,0.0
Kochi,1990,1A2C,ABFLOW017,Natural gas,,,0.0
Kochi,1990,1A2C,ABFLOW017,Oil,,,0.0
Kochi,1990,1A2D,ABFLOW023,Coal,,,0.0
Kochi,1990,1A2D,ABFLOW023,Natural gas,,,0.0
Kochi,1990,1A2D,ABFLOW023,Oil,,,0.0
Kochi,1990,1A2E,ABFLOW022,Coal,,,0.0
Kochi,1990,1A2E,ABFLOW022,Natural gas,,,0.0
Kochi,1990,1A2E,ABFLOW022,Oil,,,0.0
Kochi,1990,1A2F,ABFLOW019,Coal,,,0.0
Kochi,1990,1A2F,ABFLOW019,Natural gas,,,0.0
Kochi,1990,1A2F,ABFLOW019,Oil,,,0.0
Kochi,1990,1A2G,ABFLOW020,Coal,,,0.0
Kochi,1990,1A2G,ABFLOW020,Natural gas,,,0.0
Kochi,1990,1A2G,ABFLOW020,Oil,,,0.0
Kochi,1990,1A2H,ABFLOW021,Coal,,,0.0
Kochi,1990,1A2H,ABFLOW021,Natural gas,,,0.0
Kochi,1990,1A2H,ABFLOW021,Oil,,,0.0
Kochi,1990,1A2I,ABFLOW013,Coal,,,0.0
Kochi,1990,1A2I,ABFLOW013,Natural gas,,,0.0
Kochi,1990,1A2I,ABFLOW013,Oil,,,0.0
Kochi,1990,1A2J,ABFLOW024,Coal,,,0.0
Kochi,1990,1A2J,ABFLOW024,Natural gas,,,0.0
Kochi,1990,1A2J,ABFLOW024,Oil,,,0.0
Kochi,1990,1A2K,ABFLOW014,Coal,,,0.0
Kochi,1990,1A2K,ABFLOW014,Natural gas,,,0.0
Kochi,1990,1A2K,ABFLOW014,Oil,,,0.0
Kochi,1990,1A2L,ABFLOW025,Coal,,,0.0
Kochi,1990,1A2L,ABFLOW025,Natural gas,,,0.0
Kochi,1990,1A2L,ABFLOW025,Oil,,,0.0
Kochi,1990,1A2M,ABFLOW026,Coal,,,0.0
Kochi,1990,1A2M,ABFLOW026,Natural gas,,,0.0
Kochi,1990,1A2M,ABFLOW026,Oil,,,0.0
Kochi,1990,1A3,ABFLOW027,Coal,,,0.0
Kochi,1990,1A3,ABFLOW027,Natural gas,,,0.0
Kochi,1990,1A3,ABFLOW027,Oil,,,0.0
Kochi,1990,1A3A,,Coal,,,0.0
Kochi,1990,1A3A,,Natural gas,,,0.0
Kochi,1990,1A3A,,Oil,,,0.0
Kochi,1990,1A3A1,ABFLOW040,Coal,,,0.0
Kochi,1990,1A3A1,ABFLOW040,Natural gas,,,0.0
Kochi,1990,1A3A1,ABFLOW040,Oil,,,0.0
Kochi,1990,1A3A2,ABFLOW029,Coal,,,0.0
Kochi,1990,1A3A2,ABFLOW029,Natural gas,,,0.0
Kochi,1990,1A3A2,ABFLOW029,Oil,,,0.0
Kochi,1990,1A3B,ABFLOW028,Coal,,,0.0
Kochi,1990,1A3B,ABFLOW028,Natural gas,,,0.0
Kochi,1990,1A3B,ABFLOW028,Oil,,,0.0
Kochi,1990,1A3C,ABFLOW030,Coal,,,0.0
Kochi,1990,1A3C,ABFLOW030,Natural gas,,,0.0
Kochi,1990,1A3C,ABFLOW030,Oil,,,0.0
Kochi,1990,1A3D,,Coal,,,0.0
Kochi,1990,1A3D,,Natural gas,,,0.0
Kochi,1990,1A3D,,Oil,,,0.0
Kochi,1990,1A3D1,ABFLOW039,Coal,,,0.0
Kochi,1990,1A3D1,ABFLOW039,Natural gas,,,0.0
Kochi,1990,1A3D1,ABFLOW039,Oil,,,0.0
Kochi,1990,1A3D2,ABFLOW032,Coal,,,0.0
Kochi,1990,1A3D2,ABFLOW032,Natural gas,,,0.0
Kochi,1990,1A3D2,ABFLOW032,Oil,,,0.0
Kochi,1990,1A3E,,Coal,,,0.0
Kochi,1990,1A3E,,Natural gas,,,0.0
Kochi,1990,1A3E,,Oil,,,0.0
Kochi,1990,1A3E1,ABFLOW033,Coal,,,0.0
Kochi,1990,1A3E1,ABFLOW033,Natural gas,,,0.0
Kochi,1990,1A3E1,ABFLOW033,Oil,,,0.0
Kochi,1990,1A4,,Coal,,,0.0
Kochi,1990,1A4,,Natural gas,,,0.0
Kochi,1990,1A4,,Oil,,,0.0
Kochi,1990,1A4A,ABFLOW035,Coal,,,0.0
Kochi,1990,1A4A,ABFLOW035,Natural gas,,,0.0
Kochi,1990,1A4A,ABFLOW035,Oil,,,0.0
Kochi,1990,1A4B,ABFLOW034,Coal,,,0.0
Kochi,1990,1A4B,ABFLOW034,Natural gas,,,0.0
Kochi,1990,1A4B,ABFLOW034,Oil,,,0.0
Kochi,1990,1A4C,,Coal,,,0.0
Kochi,1990,1A4C,,Natural gas,,,0.0
Kochi,1990,1A4C,,Oil,,,0.0
Kochi,1990,1A4C1,ABFLOW036,Coal,,,0.0
Kochi,1990,1A4C1,ABFLOW036,Natural gas,,,0.0
Kochi,1990,1A4C1,ABFLOW036,Oil,,,0.0
Kochi,1990,1A4C2,ABFLOW037,Coal,,,0.0
Kochi,1990,1A4C2,ABFLOW037,Natural gas,,,0.0
Kochi,1990,1A4C2,ABFLOW037,Oil,,,0.0
Kochi,1990,1A4C3,,Coal,,,0.0
Kochi,1990,1A4C3,,Natural gas,,,0.0
Kochi,1990,1A4C3,,Oil,,,0.0
Kochi,1990,1A5,ABFLOW038,Coal,,,0.0
Kochi,1990,1A5,ABFLOW038,Natural gas,,,0.0
Kochi,1990,1A5,ABFLOW038,Oil,,,0.0
Kochi,1990,1A5A,,Coal,,,0.0
Kochi,1990,1A5A,,Natural gas,,,0.0
Kochi,1990,1A5A,,Oil,,,0.0
Kochi,1990,1A5B,,Coal,,,0.0
Kochi,1990,1A5B,,Natural gas,,,0.0
Kochi,1990,1A5B,,Oil,,,0.0
Kochi,1990,1A5C,,Coal,,,0.0
Kochi,1990,1A5C,,Natural gas,,,0.0
Kochi,1990,1A5C,,Oil,,,0.0
Kochi,1990,1B,,,,,0.0
Kochi,1990,1B1,,,,,0.0
Kochi,1990,1B1A,,,,,0.0
Kochi,1990,1B1A1,,,,,0.0
Kochi,1990,1B1A11,,,,,0.0
Kochi,1990,1B1A12,,,,,0.0
Kochi,1990,1B1A13,,,,,0.0
Kochi,1990,1B1A14,,,,,0.0
Kochi,1990,1B1A2,,,,,0.0
Kochi,1990,1B1A21,,,,,0.0
Kochi,1990,1B1A22,,,,,0.0
Kochi,1990,1B1B,,,,,0.0
Kochi,1990,1B2,,,,,0.0
Kochi,1990,1B2A,,,,,0.0
Kochi,1990,1B2A1,,,,,0.0
Kochi,1990,1B2A2,,,,,0.0
Kochi,1990,1B2A3,,,,,0.0
Kochi,1990,1B2A31,,,,,0.0
Kochi,1990,1B2A32,,,,,0.0
Kochi,1990,1B2A33,,,,,0.0
Kochi,1990,1B2A34,,,,,0.0
Kochi,1990,1B2A35,,,,,0.0
Kochi,1990,1B2A36,,,,,0.0
Kochi,1990,1B2B,,,,,0.0
Kochi,1990,1B2B1,,,,,0.0
Kochi,1990,1B2B2,,,,,0.0
Kochi,1990,1B2B3,,,,,0.0
Kochi,1990,1B2B31,,,,,0.0
Kochi,1990,1B2B32,,,,,0.0
Kochi,1990,1B2B33,,,,,0.0
Kochi,1990,1B2B34,,,,,0.0
Kochi,1990,1B2B35,,,,,0.0
Kochi,1990,1B2B36,,,,,0.0
Kochi,1990,1B3,,,,,0.0
Kochi,1990,1C,,,,,0.0
Kochi,1990,1C1,,,,,0.0
Kochi,1990,1C1A,,,,,0.0
Kochi,1990,1C1B,,,,,0.0
Kochi,1990,1C1C,,,,,0.0
Kochi,1990,1C2,,,,,0.0
Kochi,1990,1C2A,,,,,0.0
Kochi,1990,1C2B,,,,,0.0
Kochi,1990,1C3,,,,,0.0
Kochi,1990,2,,,,,0.0
Kochi,1990,20,,,,,0.0
Kochi,1990,200,,,,,0.0
Kochi,1990,2000,,,,,0.0
Kochi,1990,20000,,,,,0.0
Kochi,1990,200000,,,,,0.0
Kochi,1990,2A,,,,,0.0
Kochi,1990,2A1,,,,,0.0
Kochi,1990,2A2,,,,,0.0
Kochi,1990,2A3,,,,,0.0
Kochi,1990,2A4,,,,,0.0
Kochi,1990,2A4A,,,,,0.0
Kochi,1990,2A4B,,,,,0.0
Kochi,1990,2A4C,,,,,0.0
Kochi,1990,2A4D,,,,,0.0
Kochi,1990,2B,,,,,0.0
Kochi,1990,2B1,,,,,0.0
Kochi,1990,2B10,,,,,0.0
Kochi,1990,2B2,,,,,0.0
Kochi,1990,2B3,,,,,0.0
Kochi,1990,2B4,,,,,0.0
Kochi,1990,2B5,,,,,0.0
Kochi,1990,2B6,,,,,0.0
Kochi,1990,2B7,,,,,0.0
Kochi,1990,2B8,,,,,0.0
Kochi,1990,2B8A,,,,,0.0
Kochi,1990,2B8B,,,,,0.0
Kochi,1990,2B8C,,,,,0.0
Kochi,1990,2B8D,,,,,0.0
Kochi,1990,2B8E,,,,,0.0
Kochi,1990,2B8F,,,,,0.0
Kochi,1990,2B9,,,,,0.0
Kochi,1990,2B9A,,,,,0.0
Kochi,1990,2B9B,,,,,0.0
Kochi,1990,2C,,,,,0.0
Kochi,1990,2C1,,,,,0.0
Kochi,1990,2C2,,,,,0.0
Kochi,1990,2C3,,,,,0.0
Kochi,1990,2C4,,,,,0.0
Kochi,1990,2C5,,,,,0.0
Kochi,1990,2C6,,,,,0.0
Kochi,1990,2C7,,,,,0.0
Kochi,1990,2D,,,,,0.0
Kochi,1990,2D1,,,,,0.0
Kochi,1990,2D2,,,,,0.0
Kochi,1990,2D3,,,,,0.0
Kochi,1990,2D4,,,,,0.0
Kochi,1990,2E,,,,,0.0
Kochi,1990,2F,,,,,0.0
Kochi,1990,2F1,,,,,0.0
Kochi,1990,2F2,,,,,0.0
Kochi,1990,2F3,,,,,0.0
Kochi,1990,2F4,,,,,0.0
Kochi,1990,2F5,,,,,0.0
Kochi,1990,2F6,,,,,0.0
Kochi,1990,2G,,,,,0.0
Kochi,1990,2G1,,,,,0.0
Kochi,1990,2G2,,,,,0.0
Kochi,1990,2G3,,,,,0.0
Kochi,1990,2G4,,,,,0.0
Kochi,1990,2H,,,,,0.0
Kochi,1990,2H1,,,,,0.0
Kochi,1990,2H2,,,,,0.0
Kochi,1990,2H3,,,,,0.0
Kochi,1990,3,,,,,0.0
Kochi,1990,3A,,,,,0.0
Kochi,1990,3A1,,,,,0.0
Kochi,1990,3A2,,,,,0.0
Kochi,1990,3B,,,,,0.0
Kochi,1990,3B1,,,,,0.0
Kochi,1990,3B1A,,,,,0.0
Kochi,1990,3B1B,,,,,0.0
Kochi,1990,3B2,,,,,0.0
Kochi,1990,3B2A,,,,,0.0
Kochi,1990,3B2B,,,,,0.0
Kochi,1990,3B3,,,,,0.0
Kochi,1990,3B3A,,,,,0.0
Kochi,1990,3B3B,,,,,0.0
Kochi,1990,3B4,,,,,0.0
Kochi,1990,3B4A,,,,,0.0
Kochi,1990,3B4B,,,,,0.0
Kochi,1990,3B5,,,,,0.0
Kochi,1990,3B5A,,,,,0.0
Kochi,1990,3B5B,,,,,0.0
Kochi,1990,3B6,,,,,0.0
Kochi,1990,3B6A,,,,,0.0
Kochi,1990,3B6B,,,,,0.0
Kochi,1990,3B6B1,,,,,0.0
Kochi,1990,3B6B2,,,,,0.0
Kochi,1990,3B6B3,,,,,0.0
Kochi,1990,3B6B4,,,,,0.0
Kochi,1990,3B6B5,,,,,0.0
Kochi,1990,3C,,,,,0.0
Kochi,1990,3C1,,,,,0.0
Kochi,1990,3C2,,,,,0.0
Kochi,1990,3C3,,,,,0.0
Kochi,1990,3C4,,,,,0.0
Kochi,1990,3C5,,,,,0.0
Kochi,1990,3C6,,,,,0.0
Kochi,1990,3C7,,,,,0.0
Kochi,1990,3C8,,,,,0.0
Kochi,1990,3D,,,,,0.0
Kochi,1990,3D1,,,,,0.0
Kochi,1990,3D2,,,,,0.0
Kochi,1990,4,,,,,0.0
Kochi,1990,4A,,,,,0.0
Kochi,1990,4A1,,,,,0.0
Kochi,1990,4A2,,,,,0.0
Kochi,1990,4A3,,,,,0.0
Kochi,1990,4B,,,,,0.0
Kochi,1990,4C,,,,,0.0
Kochi,1990,4C1,,,,,0.0
Kochi,1990,4C2,,,,,0.0
Kochi,1990,4D,,,,,0.0
Kochi,1990,4D1,,,,,0.0
Kochi,1990,4D2,,,,,0.0
Kochi,1990,4E,,,,,0.0
Kochi,1990,5,,,,,0.0
Kochi,1990,5A,,,,,0.0
Kochi,1990,5A1,,,,,0.0
Kochi,1990,5A2,,,,,0.0
Kochi,1991,0,,,,,0.0
Kochi,1991,1,,,,,0.0
Kochi,1991,1A,ABFLOW001,Coal,,,0.0
Kochi,1991,1A,ABFLOW001,Natural gas,,,0.0
Kochi,1991,1A,ABFLOW001,Oil,,,0.0
Kochi,1991,1A1,,Coal,,,0.0
Kochi,1991,1A1,,Natural gas,,,0.0
Kochi,1991,1A1,,Oil,,,0.0
Kochi,1991,1A1A,ABFLOW002,Coal,,,0.0
Kochi,1991,1A1A,ABFLOW002,Natural gas,,,0.0
Kochi,1991,1A1A,ABFLOW002,Oil,,,0.0
Kochi,1991,1A1A1,ABFLOW003,Coal,,,0.0
Kochi,1991,1A1A1,ABFLOW003,Natural gas,,,0.0
Kochi,1991,1A1A1,ABFLOW003,Oil,,,0.0
Kochi,1991,1A1A2,ABFLOW004,Coal,,,0.0
Kochi,1991,1A1A2,ABFLOW004,Natural gas,,,0.0
Kochi,1991,1A1A2,ABFLOW004,Oil,,,0.0
Kochi,1991,1A1A3,ABFLOW005,Coal,,,0.0
Kochi,1991,1A1A3,ABFLOW005,Natural gas,,,0.0
Kochi,1991,1A1A3,ABFLOW005,Oil,,,0.0
Kochi,1991,1A1B,ABFLOW011,Coal,,,0.0
Kochi,1991,1A1B,ABFLOW011,Natural gas,,,0.0
Kochi,1991,1A1B,ABFLOW011,Oil,,,0.0
Kochi,1991,1A1C,ABFLOW011,Coal,,,0.0
Kochi,1991,1A1C,ABFLOW011,Natural gas,,,0.0
Kochi,1991,1A1C,ABFLOW011,Oil,,,0.0
Kochi,1991,1A2,ABFLOW012,Coal,,,0.0
Kochi,1991,1A2,ABFLOW012,Natural gas,,,0.0
Kochi,1991,1A2,ABFLOW012,Oil,,,0.0
Kochi,1991,1A2A,ABFLOW016,Coal,,,0.0
Kochi,1991,1A2A,ABFLOW016,Natural gas,,,0.0
Kochi,1991,1A2A,ABFLOW016,Oil,,,0.0
Kochi,1991,1A2B,ABFLOW018,Coal,,,0.0
Kochi,1991,1A2B,ABFLOW018,Natural gas,,,0.0
Kochi,1991,1A2B,ABFLOW018,Oil,,,0.0
Kochi,1991,1A2C,ABFLOW017,Coal,,,0.0
Kochi,1991,1A2C,ABFLOW017,Natural gas,,,0.0
Kochi,1991,1A2C,ABFLOW017,Oil,,,0.0
Kochi,1991,1A2D,ABFLOW023,Coal,,,0.0
Kochi,1991,1A2D,ABFLOW023,Natural gas,,,0.0
Kochi,1991,1A2D,ABFLOW023,Oil,,,0.0
Kochi,1991,1A2E,ABFLOW022,Coal,,,0.0
Kochi,1991,1A2E,ABFLOW022,Natural gas,,,0.0
Kochi,1991,1A2E,ABFLOW022,Oil,,,0.0
Kochi,1991,1A2F,ABFLOW019,Coal,,,0.0
Kochi,1991,1A2F,ABFLOW019,Natural gas,,,0.0
Kochi,1991,1A2F,ABFLOW019,Oil,,,0.0
Kochi,1991,1A2G,ABFLOW020,Coal,,,0.0
Kochi,1991,1A2G,ABFLOW020,Natural gas,,,0.0
Kochi,1991,1A2G,ABFLOW020,Oil,,,0.0
Kochi,1991,1A2H,ABFLOW021,Coal,,,0.0
Kochi,1991,1A2H,ABFLOW021,Natural gas,,,0.0
Kochi,1991,1A2H,ABFLOW021,Oil,,,0.0
Kochi,1991,1A2I,ABFLOW013,Coal,,,0.0
Kochi,1991,1A2I,ABFLOW013,Natural gas,,,0.0
Kochi,1991,1A2I,ABFLOW013,Oil,,,0.0
Kochi,1991,1A2J,ABFLOW024,Coal,,,0.0
Kochi,1991,1A2J,ABFLOW024,Natural gas,,,0.0
Kochi,1991,1A2J,ABFLOW024,Oil,,,0.0
Kochi,1991,1A2K,ABFLOW014,Coal,,,0.0
Kochi,1991,1A2K,ABFLOW014,Natural gas,,,0.0
Kochi,1991,1A2K,ABFLOW014,Oil,,,0.0
Kochi,1991,1A2L,ABFLOW025,Coal,,,0.0
Kochi,1991,1A2L,ABFLOW025,Natural gas,,,0.0
Kochi,1991,1A2L,ABFLOW025,Oil,,,0.0
Kochi,1991,1A2M,ABFLOW026,Coal,,,0.0
Kochi,1991,1A2M,ABFLOW026,Natural gas,,,0.0
Kochi,1991,1A2M,ABFLOW026,Oil,,,0.0
Kochi,1991,1A3,ABFLOW027,Coal,,,0.0
Kochi,1991,1A3,ABFLOW027,Natural gas,,,0.0
Kochi,1991,1A3,ABFLOW027,Oil,,,0.0
Kochi,1991,1A3A,,Coal,,,0.0
Kochi,1991,1A3A,,Natural gas,,,0.0
Kochi,1991,1A3A,,Oil,,,0.0
Kochi,1991,1A3A1,ABFLOW040,Coal,,,0.0
Kochi,1991,1A3A1,ABFLOW040,Natural gas,,,0.0
Kochi,1991,1A3A1,ABFLOW040,Oil,,,0.0
Kochi,1991,1A3A2,ABFLOW029,Coal,,,0.0
Kochi,1991,1A3A2,ABFLOW029,Natural gas,,,0.0
Kochi,1991,1A3A2,ABFLOW029,Oil,,,0.0
Kochi,1991,1A3B,ABFLOW028,Coal,,,0.0
Kochi,1991,1A3B,ABFLOW028,Natural gas,,,0.0
Kochi,1991,1A3B,ABFLOW028,Oil,,,0.0
Kochi,1991,1A3C,ABFLOW030,Coal,,,0.0
Kochi,1991,1A3C,ABFLOW030,Natural gas,,,0.0
Kochi,1991,1A3C,ABFLOW030,Oil,,,0.0
Kochi,1991,1A3D,,Coal,,,0.0
Kochi,1991,1A3D,,Natural gas,,,0.0
Kochi,1991,1A3D,,Oil,,,0.0
Kochi,1991,1A3D1,ABFLOW039,Coal,,,0.0
Kochi,1991,1A3D1,ABFLOW039,Natural gas,,,0.0
Kochi,1991,1A3D1,ABFLOW039,Oil,,,0.0
Kochi,1991,1A3D2,ABFLOW032,Coal,,,0.0
Kochi,1991,1A3D2,ABFLOW032,Natural gas,,,0.0
Kochi,1991,1A3D2,ABFLOW032,Oil,,,0.0
Kochi,1991,1A3E,,Coal,,,0.0
Kochi,1991,1A3E,,Natural gas,,,0.0
Kochi,1991,1A3E,,Oil,,,0.0
Kochi,1991,1A3E1,ABFLOW033,Coal,,,0.0
Kochi,1991,1A3E1,ABFLOW033,Natural gas,,,0.0
Kochi,1991,1A3E1,ABFLOW033,Oil,,,0.0
Kochi,1991,1A4,,Coal,,,0.0
Kochi,1991,1A4,,Natural gas,,,0.0
Kochi,1991,1A4,,Oil,,,0.0
Kochi,1991,1A4A,ABFLOW035,Coal,,,0.0
Kochi,1991,1A4A,ABFLOW035,Natural gas,,,0.0
Kochi,1991,1A4A,ABFLOW035,Oil,,,0.0
Kochi,1991,1A4B,ABFLOW034,Coal,,,0.0
Kochi,1991,1A4B,ABFLOW034,Natural gas,,,0.0
Kochi,1991,1A4B,ABFLOW034,Oil,,,0.0
Kochi,1991,1A4C,,Coal,,,0.0
Kochi,1991,1A4C,,Natural gas,,,0.0
Kochi,1991,1A4C,,Oil,,,0.0
Kochi,1991,1A4C1,ABFLOW036,Coal,,,0.0
Kochi,1991,1A4C1,ABFLOW036,Natural gas,,,0.0
Kochi,1991,1A4C1,ABFLOW036,Oil,,,0.0
Kochi,1991,1A4C2,ABFLOW037,Coal,,,0.0
Kochi,1991,1A4C2,ABFLOW037,Natural gas,,,0.0
Kochi,1991,1A4C2,ABFLOW037,Oil,,,0.0
Kochi,1991,1A4C3,,Coal,,,0.0
Kochi,1991,1A4C3,,Natural gas,,,0.0
Kochi,1991,1A4C3,,Oil,,,0.0
Kochi,1991,1A5,ABFLOW038,Coal,,,0.0
Kochi,1991,1A5,ABFLOW038,Natural gas,,,0.0
Kochi,1991,1A5,ABFLOW038,Oil,,,0.0
Kochi,1991,1A5A,,Coal,,,0.0
Kochi,1991,1A5A,,Natural gas,,,0.0
Kochi,1991,1A5A,,Oil,,,0.0
Kochi,1991,1A5B,,Coal,,,0.0
Kochi,1991,1A5B,,Natural gas,,,0.0
Kochi,1991,1A5B,,Oil,,,0.0
Kochi,1991,1A5C,,Coal,,,0.0
Kochi,1991,1A5C,,Natural gas,,,0.0
Kochi,1991,1A5C,,Oil,,,0.0
Kochi,1991,1B,,,,,0.0
Kochi,1991,1B1,,,,,0.0
Kochi,1991,1B1A,,,,,0.0
Kochi,1991,1B1A1,,,,,0.0
Kochi,1991,1B1A11,,,,,0.0
Kochi,1991,1B1A12,,,,,0.0
Kochi,1991,1B1A13,,,,,0.0
Kochi,1991,1B1A14,,,,,0.0
Kochi,1991,1B1A2,,,,,0.0
Kochi,1991,1B1A21,,,,,0.0
Kochi,1991,1B1A22,,,,,0.0
Kochi,1991,1B1B,,,,,0.0
Kochi,1991,1B2,,,,,0.0
Kochi,1991,1B2A,,,,,0.0
Kochi,1991,1B2A1,,,,,0.0
Kochi,1991,1B2A2,,,,,0.0
Kochi,1991,1B2A3,,,,,0.0
Kochi,1991,1B2A31,,,,,0.0
Kochi,1991,1B2A32,,,,,0.0
Kochi,1991,1B2A33,,,,,0.0
Kochi,1991,1B2A34,,,,,0.0
Kochi,1991,1B2A35,,,,,0.0
Kochi,1991,1B2A36,,,,,0.0
Kochi,1991,1B2B,,,,,0.0
Kochi,1991,1B2B1,,,,,0.0
Kochi,1991,1B2B2,,,,,0.0
Kochi,1991,1B2B3,,,,,0.0
Kochi,1991,1B2B31,,,,,0.0
Kochi,1991,1B2B32,,,,,0.0
Kochi,1991,1B2B33,,,,,0.0
Kochi,1991,1B2B34,,,,,0.0
Kochi,1991,1B2B35,,,,,0.0
Kochi,1991,1B2B36,,,,,0.0
Kochi,1991,1B3,,,,,0.0
Kochi,1991,1C,,,,,0.0
Kochi,1991,1C1,,,,,0.0
Kochi,1991,1C1A,,,,,0.0
Kochi,1991,1C1B,,,,,0.0
Kochi,1991,1C1C,,,,,0.0
Kochi,1991,1C2,,,,,0.0
Kochi,1991,1C2A,,,,,0.0
Kochi,1991,1C2B,,,,,0.0
Kochi,1991,1C3,,,,,0.0
Kochi,1991,2,,,,,0.0
Kochi,1991,20,,,,,0.0
Kochi,1991,200,,,,,0.0
Kochi,1991,2000,,,,,0.0
Kochi,1991,20000,,,,,0.0
Kochi,1991,200000,,,,,0.0
Kochi,1991,2A,,,,,0.0
Kochi,1991,2A1,,,,,0.0
Kochi,1991,2A2,,,,,0.0
Kochi,1991,2A3,,,,,0.0
Kochi,1991,2A4,,,,,0.0
Kochi,1991,2A4A,,,,,0.0
Kochi,1991,2A4B,,,,,0.0
Kochi,1991,2A4C,,,,,0.0
Kochi,1991,2A4D,,,,,0.0
Kochi,1991,2B,,,,,0.0
Kochi,1991,2B1,,,,,0.0
Kochi,1991,2B10,,,,,0.0
Kochi,1991,2B2,,,,,0.0
Kochi,1991,2B3,,,,,0.0
Kochi,1991,2B4,,,,,0.0
Kochi,1991,2B5,,,,,0.0
Kochi,1991,2B6,,,,,0.0
Kochi,1991,2B7,,,,,0.0
Kochi,1991,2B8,,,,,0.0
Kochi,1991,2B8A,,,,,0.0
Kochi,1991,2B8B,,,,,0.0
Kochi,1991,2B8C,,,,,0.0
Kochi,1991,2B8D,,,,,0.0
Kochi,1991,2B8E,,,,,0.0
Kochi,1991,2B8F,,,,,0.0
Kochi,1991,2B9,,,,,0.0
Kochi,1991,2B9A,,,,,0.0
Kochi,1991,2B9B,,,,,0.0
Kochi,1991,2C,,,,,0.0
Kochi,1991,2C1,,,,,0.0
Kochi,1991,2C2,,,,,0.0
Kochi,1991,2C3,,,,,0.0
Kochi,1991,2C4,,,,,0.0
Kochi,1991,2C5,,,,,0.0
Kochi,1991,2C6,,,,,0.0
Kochi,1991,2C7,,,,,0.0
Kochi,1991,2D,,,,,0.0
Kochi,1991,2D1,,,,,0.0
Kochi,1991,2D2,,,,,0.0
Kochi,1991,2D3,,,,,0.0
Kochi,1991,2D4,,,,,0.0
Kochi,1991,2E,,,,,0.0
Kochi,1991,2F,,,,,0.0
Kochi,1991,2F1,,,,,0.0
Kochi,1991,2F2,,,,,0.0
Kochi,1991,2F3,,,,,0.0
Kochi,1991,2F4,,,,,0.0
Kochi,1991,2F5,,,,,0.0
Kochi,1991,2F6,,,,,0.0
Kochi,1991,2G,,,,,0.0
Kochi,1991,2G1,,,,,0.0
Kochi,1991,2G2,,,,,0.0
Kochi,1991,2G3,,,,,0.0
Kochi,1991,2G4,,,,,0.0
Kochi,1991,2H,,,,,0.0
Kochi,1991,2H1,,,,,0.0
Kochi,1991,2H2,,,,,0.0
Kochi,1991,2H3,,,,,0.0
Kochi,1991,3,,,,,0.0
Kochi,1991,3A,,,,,0.0
Kochi,1991,3A1,,,,,0.0
Kochi,1991,3A2,,,,,0.0
Kochi,1991,3B,,,,,0.0
Kochi,1991,3B1,,,,,0.0
Kochi,1991,3B1A,,,,,0.0
Kochi,1991,3B1B,,,,,0.0
Kochi,1991,3B2,,,,,0.0
Kochi,1991,3B2A,,,,,0.0
Kochi,1991,3B2B,,,,,0.0
Kochi,1991,3B3,,,,,0.0
Kochi,1991,3B3A,,,,,0.0
Kochi,1991,3B3B,,,,,0.0
Kochi,1991,3B4,,,,,0.0
Kochi,1991,3B4A,,,,,0.0
Kochi,1991,3B4B,,,,,0.0
Kochi,1991,3B5,,,,,0.0
Kochi,1991,3B5A,,,,,0.0
Kochi,1991,3B5B,,,,,0.0
Kochi,1991,3B6,,,,,0.0
Kochi,1991,3B6A,,,,,0.0
Kochi,1991,3B6B,,,,,0.0
Kochi,1991,3B6B1,,,,,0.0
Kochi,1991,3B6B2,,,,,0.0
Kochi,1991,3B6B3,,,,,0.0
Kochi,1991,3B6B4,,,,,0.0
Kochi,1991,3B6B5,,,,,0.0
Kochi,1991,3C,,,,,0.0
Kochi,1991,3C1,,,,,0.0
Kochi,1991,3C2,,,,,0.0
Kochi,1991,3C3,,,,,0.0
Kochi,1991,3C4,,,,,0.0
Kochi,1991,3C5,,,,,0.0
Kochi,1991,3C6,,,,,0.0
Kochi,1991,3C7,,,,,0.0
Kochi,1991,3C8,,,,,0.0
Kochi,1991,3D,,,,,0.0
Kochi,1991,3D1,,,,,0.0
Kochi,1991,3D2,,,,,0.0
Kochi,1991,4,,,,,0.0
Kochi,1991,4A,,,,,0.0
Kochi,1991,4A1,,,,,0.0
Kochi,1991,4A2,,,,,0.0
Kochi,1991,4A3,,,,,0.0
Kochi,1991,4B,,,,,0.0
Kochi,1991,4C,,,,,0.0
Kochi,1991,4C1,,,,,0.0
Kochi,1991,4C2,,,,,0.0
Kochi,1991,4D,,,,,0.0
Kochi,1991,4D1,,,,,0.0
Kochi,1991,4D2,,,,,0.0
Kochi,1991,4E,,,,,0.0
Kochi,1991,5,,,,,0.0
Kochi,1991,5A,,,,,0.0
Kochi,1991,5A1,,,,,0.0
Kochi,1991,5A2,,,,,0.0
Kochi,1992,0,,,,,0.0
Kochi,1992,1,,,,,0.0
Kochi,1992,1A,ABFLOW001,Coal,,,0.0
Kochi,1992,1A,ABFLOW001,Natural gas,,,0.0
Kochi,1992,1A,ABFLOW001,Oil,,,0.0
Kochi,1992,1A1,,Coal,,,0.0
Kochi,1992,1A1,,Natural gas,,,0.0
Kochi,1992,1A1,,Oil,,,0.0
Kochi,1992,1A1A,ABFLOW002,Coal,,,0.0
Kochi,1992,1A1A,ABFLOW002,Natural gas,,,0.0
Kochi,1992,1A1A,ABFLOW002,Oil,,,0.0
Kochi,1992,1A1A1,ABFLOW003,Coal,,,0.0
Kochi,1992,1A1A1,ABFLOW003,Natural gas,,,0.0
Kochi,1992,1A1A1,ABFLOW003,Oil,,,0.0
Kochi,1992,1A1A2,ABFLOW004,Coal,,,0.0
Kochi,1992,1A1A2,ABFLOW004,Natural gas,,,0.0
Kochi,1992,1A1A2,ABFLOW004,Oil,,,0.0
Kochi,1992,1A1A3,ABFLOW005,Coal,,,0.0
Kochi,1992,1A1A3,ABFLOW005,Natural gas,,,0.0
Kochi,1992,1A1A3,ABFLOW005,Oil,,,0.0
Kochi,1992,1A1B,ABFLOW011,Coal,,,0.0
Kochi,1992,1A1B,ABFLOW011,Natural gas,,,0.0
Kochi,1992,1A1B,ABFLOW011,Oil,,,0.0
Kochi,1992,1A1C,ABFLOW011,Coal,,,0.0
Kochi,1992,1A1C,ABFLOW011,Natural gas,,,0.0
Kochi,1992,1A1C,ABFLOW011,Oil,,,0.0
Kochi,1992,1A2,ABFLOW012,Coal,,,0.0
Kochi,1992,1A2,ABFLOW012,Natural gas,,,0.0
Kochi,1992,1A2,ABFLOW012,Oil,,,0.0
Kochi,1992,1A2A,ABFLOW016,Coal,,,0.0
Kochi,1992,1A2A,ABFLOW016,Natural gas,,,0.0
Kochi,1992,1A2A,ABFLOW016,Oil,,,0.0
Kochi,1992,1A2B,ABFLOW018,Coal,,,0.0
Kochi,1992,1A2B,ABFLOW018,Natural gas,,,0.0
Kochi,1992,1A2B,ABFLOW018,Oil,,,0.0
Kochi,1992,1A2C,ABFLOW017,Coal,,,0.0
Kochi,1992,1A2C,ABFLOW017,Natural gas,,,0.0
Kochi,1992,1A2C,ABFLOW017,Oil,,,0.0
Kochi,1992,1A2D,ABFLOW023,Coal,,,0.0
Kochi,1992,1A2D,ABFLOW023,Natural gas,,,0.0
Kochi,1992,1A2D,ABFLOW023,Oil,,,0.0
Kochi,1992,1A2E,ABFLOW022,Coal,,,0.0
Kochi,1992,1A2E,ABFLOW022,Natural gas,,,0.0
Kochi,1992,1A2E,ABFLOW022,Oil,,,0.0
Kochi,1992,1A2F,ABFLOW019,Coal,,,0.0
Kochi,1992,1A2F,ABFLOW019,Natural gas,,,0.0
Kochi,1992,1A2F,ABFLOW019,Oil,,,0.0
Kochi,1992,1A2G,ABFLOW020,Coal,,,0.0
Kochi,1992,1A2G,ABFLOW020,Natural gas,,,0.0
Kochi,1992,1A2G,ABFLOW020,Oil,,,0.0
Kochi,1992,1A2H,ABFLOW021,Coal,,,0.0
Kochi,1992,1A2H,ABFLOW021,Natural gas,,,0.0
Kochi,1992,1A2H,ABFLOW021,Oil,,,0.0
Kochi,1992,1A2I,ABFLOW013,Coal,,,0.0
Kochi,1992,1A2I,ABFLOW013,Natural gas,,,0.0
Kochi,1992,1A2I,ABFLOW013,Oil,,,0.0
Kochi,1992,1A2J,ABFLOW024,Coal,,,0.0
Kochi,1992,1A2J,ABFLOW024,Natural gas,,,0.0
Kochi,1992,1A2J,ABFLOW024,Oil,,,0.0
Kochi,1992,1A2K,ABFLOW014,Coal,,,0.0
Kochi,1992,1A2K,ABFLOW014,Natural gas,,,0.0
Kochi,1992,1A2K,ABFLOW014,Oil,,,0.0
Kochi,1992,1A2L,ABFLOW025,Coal,,,0.0
Kochi,1992,1A2L,ABFLOW025,Natural gas,,,0.0
Kochi,1992,1A2L,ABFLOW025,Oil,,,0.0
Kochi,1992,1A2M,ABFLOW026,Coal,,,0.0
Kochi,1992,1A2M,ABFLOW026,Natural gas,,,0.0
Kochi,1992,1A2M,ABFLOW026,Oil,,,0.0
Kochi,1992,1A3,ABFLOW027,Coal,,,0.0
Kochi,1992,1A3,ABFLOW027,Natural gas,,,0.0
Kochi,1992,1A3,ABFLOW027,Oil,,,0.0
Kochi,1992,1A3A,,Coal,,,0.0
Kochi,1992,1A3A,,Natural gas,,,0.0
Kochi,1992,1A3A,,Oil,,,0.0
Kochi,1992,1A3A1,ABFLOW040,Coal,,,0.0
Kochi,1992,1A3A1,ABFLOW040,Natural gas,,,0.0
Kochi,1992,1A3A1,ABFLOW040,Oil,,,0.0
Kochi,1992,1A3A2,ABFLOW029,Coal,,,0.0
Kochi,1992,1A3A2,ABFLOW029,Natural gas,,,0.0
Kochi,1992,1A3A2,ABFLOW029,Oil,,,0.0
Kochi,1992,1A3B,ABFLOW028,Coal,,,0.0
Kochi,1992,1A3B,ABFLOW028,Natural gas,,,0.0
Kochi,1992,1A3B,ABFLOW028,Oil,,,0.0
Kochi,1992,1A3C,ABFLOW030,Coal,,,0.0
Kochi,1992,1A3C,ABFLOW030,Natural gas,,,0.0
Kochi,1992,1A3C,ABFLOW030,Oil,,,0.0
Kochi,1992,1A3D,,Coal,,,0.0
Kochi,1992,1A3D,,Natural gas,,,0.0
Kochi,1992,1A3D,,Oil,,,0.0
Kochi,1992,1A3D1,ABFLOW039,Coal,,,0.0
Kochi,1992,1A3D1,ABFLOW039,Natural gas,,,0.0
Kochi,1992,1A3D1,ABFLOW039,Oil,,,0.0
Kochi,1992,1A3D2,ABFLOW032,Coal,,,0.0
Kochi,1992,1A3D2,ABFLOW032,Natural gas,,,0.0
Kochi,1992,1A3D2,ABFLOW032,Oil,,,0.0
Kochi,1992,1A3E,,Coal,,,0.0
Kochi,1992,1A3E,,Natural gas,,,0.0
Kochi,1992,1A3E,,Oil,,,0.0
Kochi,1992,1A3E1,ABFLOW033,Coal,,,0.0
Kochi,1992,1A3E1,ABFLOW033,Natural gas,,,0.0
Kochi,1992,1A3E1,ABFLOW033,Oil,,,0.0
Kochi,1992,1A4,,Coal,,,0.0
Kochi,1992,1A4,,Natural gas,,,0.0
Kochi,1992,1A4,,Oil,,,0.0
Kochi,1992,1A4A,ABFLOW035,Coal,,,0.0
Kochi,1992,1A4A,ABFLOW035,Natural gas,,,0.0
Kochi,1992,1A4A,ABFLOW035,Oil,,,0.0
Kochi,1992,1A4B,ABFLOW034,Coal,,,0.0
Kochi,1992,1A4B,ABFLOW034,Natural gas,,,0.0
Kochi,1992,1A4B,ABFLOW034,Oil,,,0.0
Kochi,1992,1A4C,,Coal,,,0.0
Kochi,1992,1A4C,,Natural gas,,,0.0
Kochi,1992,1A4C,,Oil,,,0.0
Kochi,1992,1A4C1,ABFLOW036,Coal,,,0.0
Kochi,1992,1A4C1,ABFLOW036,Natural gas,,,0.0
Kochi,1992,1A4C1,ABFLOW036,Oil,,,0.0
Kochi,1992,1A4C2,ABFLOW037,Coal,,,0.0
Kochi,1992,1A4C2,ABFLOW037,Natural gas,,,0.0
Kochi,1992,1A4C2,ABFLOW037,Oil,,,0.0
Kochi,1992,1A4C3,,Coal,,,0.0
Kochi,1992,1A4C3,,Natural gas,,,0.0
Kochi,1992,1A4C3,,Oil,,,0.0
Kochi,1992,1A5,ABFLOW038,Coal,,,0.0
Kochi,1992,1A5,ABFLOW038,Natural gas,,,0.0
Kochi,1992,1A5,ABFLOW038,Oil,,,0.0
Kochi,1992,1A5A,,Coal,,,0.0
Kochi,1992,1A5A,,Natural gas,,,0.0
Kochi,1992,1A5A,,Oil,,,0.0
Kochi,1992,1A5B,,Coal,,,0.0
Kochi,1992,1A5B,,Natural gas,,,0.0
Kochi,1992,1A5B,,Oil,,,0.0
Kochi,1992,1A5C,,Coal,,,0.0
Kochi,1992,1A5C,,Natural gas,,,0.0
Kochi,1992,1A5C,,Oil,,,0.0
Kochi,1992,1B,,,,,0.0
Kochi,1992,1B1,,,,,0.0
Kochi,1992,1B1A,,,,,0.0
Kochi,1992,1B1A1,,,,,0.0
Kochi,1992,1B1A11,,,,,0.0
Kochi,1992,1B1A12,,,,,0.0
Kochi,1992,1B1A13,,,,,0.0
Kochi,1992,1B1A14,,,,,0.0
Kochi,1992,1B1A2,,,,,0.0
Kochi,1992,1B1A21,,,,,0.0
Kochi,1992,1B1A22,,,,,0.0
Kochi,1992,1B1B,,,,,0.0
Kochi,1992,1B2,,,,,0.0
Kochi,1992,1B2A,,,,,0.0
Kochi,1992,1B2A1,,,,,0.0
Kochi,1992,1B2A2,,,,,0.0
Kochi,1992,1B2A3,,,,,0.0
Kochi,1992,1B2A31,,,,,0.0
Kochi,1992,1B2A32,,,,,0.0
Kochi,1992,1B2A33,,,,,0.0
Kochi,1992,1B2A34,,,,,0.0
Kochi,1992,1B2A35,,,,,0.0
Kochi,1992,1B2A36,,,,,0.0
Kochi,1992,1B2B,,,,,0.0
Kochi,1992,1B2B1,,,,,0.0
Kochi,1992,1B2B2,,,,,0.0
Kochi,1992,1B2B3,,,,,0.0
Kochi,1992,1B2B31,,,,,0.0
Kochi,1992,1B2B32,,,,,0.0
Kochi,1992,1B2B33,,,,,0.0
Kochi,1992,1B2B34,,,,,0.0
Kochi,1992,1B2B35,,,,,0.0
Kochi,1992,1B2B36,,,,,0.0
Kochi,1992,1B3,,,,,0.0
Kochi,1992,1C,,,,,0.0
Kochi,1992,1C1,,,,,0.0
Kochi,1992,1C1A,,,,,0.0
Kochi,1992,1C1B,,,,,0.0
Kochi,1992,1C1C,,,,,0.0
Kochi,1992,1C2,,,,,0.0
Kochi,1992,1C2A,,,,,0.0
Kochi,1992,1C2B,,,,,0.0
Kochi,1992,1C3,,,,,0.0
Kochi,1992,2,,,,,0.0
Kochi,1992,20,,,,,0.0
Kochi,1992,200,,,,,0.0
Kochi,1992,2000,,,,,0.0
Kochi,1992,20000,,,,,0.0
Kochi,1992,200000,,,,,0.0
Kochi,1992,2A,,,,,0.0
Kochi,1992,2A1,,,,,0.0
Kochi,1992,2A2,,,,,0.0
Kochi,1992,2A3,,,,,0.0
Kochi,1992,2A4,,,,,0.0
Kochi,1992,2A4A,,,,,0.0
Kochi,1992,2A4B,,,,,0.0
Kochi,1992,2A4C,,,,,0.0
Kochi,1992,2A4D,,,,,0.0
Kochi,1992,2B,,,,,0.0
Kochi,1992,2B1,,,,,0.0
Kochi,1992,2B10,,,,,0.0
Kochi,1992,2B2,,,,,0.0
Kochi,1992,2B3,,,,,0.0
Kochi,1992,2B4,,,,,0.0
Kochi,1992,2B5,,,,,0.0
Kochi,1992,2B6,,,,,0.0
Kochi,1992,2B7,,,,,0.0
Kochi,1992,2B8,,,,,0.0
Kochi,1992,2B8A,,,,,0.0
Kochi,1992,2B8B,,,,,0.0
Kochi,1992,2B8C,,,,,0.0
Kochi,1992,2B8D,,,,,0.0
Kochi,1992,2B8E,,,,,0.0
Kochi,1992,2B8F,,,,,0.0
Kochi,1992,2B9,,,,,0.0
Kochi,1992,2B9A,,,,,0.0
Kochi,1992,2B9B,,,,,0.0
Kochi,1992,2C,,,,,0.0
Kochi,1992,2C1,,,,,0.0
Kochi,1992,2C2,,,,,0.0
Kochi,1992,2C3,,,,,0.0
Kochi,1992,2C4,,,,,0.0
Kochi,1992,2C5,,,,,0.0
Kochi,1992,2C6,,,,,0.0
Kochi,1992,2C7,,,,,0.0
Kochi,1992,2D,,,,,0.0
Kochi,1992,2D1,,,,,0.0
Kochi,1992,2D2,,,,,0.0
Kochi,1992,2D3,,,,,0.0
Kochi,1992,2D4,,,,,0.0
Kochi,1992,2E,,,,,0.0
Kochi,1992,2F,,,,,0.0
Kochi,1992,2F1,,,,,0.0
Kochi,1992,2F2,,,,,0.0
Kochi,1992,2F3,,,,,0.0
Kochi,1992,2F4,,,,,0.0
Kochi,1992,2F5,,,,,0.0
Kochi,1992,2F6,,,,,0.0
Kochi,1992,2G,,,,,0.0
Kochi,1992,2G1,,,,,0.0
Kochi,1992,2G2,,,,,0.0
Kochi,1992,2G3,,,,,0.0
Kochi,1992,2G4,,,,,0.0
Kochi,1992,2H,,,,,0.0
Kochi,1992,2H1,,,,,0.0
Kochi,1992,2H2,,,,,0.0
Kochi,1992,2H3,,,,,0.0
Kochi,1992,3,,,,,0.0
Kochi,1992,3A,,,,,0.0
Kochi,1992,3A1,,,,,0.0
Kochi,1992,3A2,,,,,0.0
Kochi,1992,3B,,,,,0.0
Kochi,1992,3B1,,,,,0.0
Kochi,1992,3B1A,,,,,0.0
Kochi,1992,3B1B,,,,,0.0
Kochi,1992,3B2,,,,,0.0
Kochi,1992,3B2A,,,,,0.0
Kochi,1992,3B2B,,,,,0.0
Kochi,1992,3B3,,,,,0.0
Kochi,1992,3B3A,,,,,0.0
Kochi,1992,3B3B,,,,,0.0
Kochi,1992,3B4,,,,,0.0
Kochi,1992,3B4A,,,,,0.0
Kochi,1992,3B4B,,,,,0.0
Kochi,1992,3B5,,,,,0.0
Kochi,1992,3B5A,,,,,0.0
Kochi,1992,3B5B,,,,,0.0
Kochi,1992,3B6,,,,,0.0
Kochi,1992,3B6A,,,,,0.0
Kochi,1992,3B6B,,,,,0.0
Kochi,1992,3B6B1,,,,,0.0
Kochi,1992,3B6B2,,,,,0.0
Kochi,1992,3B6B3,,,,,0.0
Kochi,1992,3B6B4,,,,,0.0
Kochi,1992,3B6B5,,,,,0.0
Kochi,1992,3C,,,,,0.0
Kochi,1992,3C1,,,,,0.0
Kochi,1992,3C2,,,,,0.0
Kochi,1992,3C3,,,,,0.0
Kochi,1992,3C4,,,,,0.0
Kochi,1992,3C5,,,,,0.0
Kochi,1992,3C6,,,,,0.0
Kochi,1992,3C7,,,,,0.0
Kochi,1992,3C8,,,,,0.0
Kochi,1992,3D,,,,,0.0
Kochi,1992,3D1,,,,,0.0
Kochi,1992,3D2,,,,,0.0
Kochi,1992,4,,,,,0.0
Kochi,1992,4A,,,,,0.0
Kochi,1992,4A1,,,,,0.0
Kochi,1992,4A2,,,,,0.0
Kochi,1992,4A3,,,,,0.0
Kochi,1992,4B,,,,,0.0
Kochi,1992,4C,,,,,0.0
Kochi,1992,4C1,,,,,0.0
Kochi,1992,4C2,,,,,0.0
Kochi,1992,4D,,,,,0.0
Kochi,1992,4D1,,,,,0.0
Kochi,1992,4D2,,,,,0.0
Kochi,1992,4E,,,,,0.0
Kochi,1992,5,,,,,0.0
Kochi,1992,5A,,,,,0.0
Kochi,1992,5A1,,,,,0.0
Kochi,1992,5A2,,,,,0.0
Kochi,1993,0,,,,,0.0
Kochi,1993,1,,,,,0.0
Kochi,1993,1A,ABFLOW001,Coal,,,0.0
Kochi,1993,1A,ABFLOW001,Natural gas,,,0.0
Kochi,1993,1A,ABFLOW001,Oil,,,0.0
Kochi,1993,1A1,,Coal,,,0.0
Kochi,1993,1A1,,Natural gas,,,0.0
Kochi,1993,1A1,,Oil,,,0.0
Kochi,1993,1A1A,ABFLOW002,Coal,,,0.0
Kochi,1993,1A1A,ABFLOW002,Natural gas,,,0.0
Kochi,1993,1A1A,ABFLOW002,Oil,,,0.0
Kochi,1993,1A1A1,ABFLOW003,Coal,,,0.0
Kochi,1993,1A1A1,ABFLOW003,Natural gas,,,0.0
Kochi,1993,1A1A1,ABFLOW003,Oil,,,0.0
Kochi,1993,1A1A2,ABFLOW004,Coal,,,0.0
Kochi,1993,1A1A2,ABFLOW004,Natural gas,,,0.0
Kochi,1993,1A1A2,ABFLOW004,Oil,,,0.0
Kochi,1993,1A1A3,ABFLOW005,Coal,,,0.0
Kochi,1993,1A1A3,ABFLOW005,Natural gas,,,0.0
Kochi,1993,1A1A3,ABFLOW005,Oil,,,0.0
Kochi,1993,1A1B,ABFLOW011,Coal,,,0.0
Kochi,1993,1A1B,ABFLOW011,Natural gas,,,0.0
Kochi,1993,1A1B,ABFLOW011,Oil,,,0.0
Kochi,1993,1A1C,ABFLOW011,Coal,,,0.0
Kochi,1993,1A1C,ABFLOW011,Natural gas,,,0.0
Kochi,1993,1A1C,ABFLOW011,Oil,,,0.0
Kochi,1993,1A2,ABFLOW012,Coal,,,0.0
Kochi,1993,1A2,ABFLOW012,Natural gas,,,0.0
Kochi,1993,1A2,ABFLOW012,Oil,,,0.0
Kochi,1993,1A2A,ABFLOW016,Coal,,,0.0
Kochi,1993,1A2A,ABFLOW016,Natural gas,,,0.0
Kochi,1993,1A2A,ABFLOW016,Oil,,,0.0
Kochi,1993,1A2B,ABFLOW018,Coal,,,0.0
Kochi,1993,1A2B,ABFLOW018,Natural gas,,,0.0
Kochi,1993,1A2B,ABFLOW018,Oil,,,0.0
Kochi,1993,1A2C,ABFLOW017,Coal,,,0.0
Kochi,1993,1A2C,ABFLOW017,Natural gas,,,0.0
Kochi,1993,1A2C,ABFLOW017,Oil,,,0.0
Kochi,1993,1A2D,ABFLOW023,Coal,,,0.0
Kochi,1993,1A2D,ABFLOW023,Natural gas,,,0.0
Kochi,1993,1A2D,ABFLOW023,Oil,,,0.0
Kochi,1993,1A2E,ABFLOW022,Coal,,,0.0
Kochi,1993,1A2E,ABFLOW022,Natural gas,,,0.0
Kochi,1993,1A2E,ABFLOW022,Oil,,,0.0
Kochi,1993,1A2F,ABFLOW019,Coal,,,0.0
Kochi,1993,1A2F,ABFLOW019,Natural gas,,,0.0
Kochi,1993,1A2F,ABFLOW019,Oil,,,0.0
Kochi,1993,1A2G,ABFLOW020,Coal,,,0.0
Kochi,1993,1A2G,ABFLOW020,Natural gas,,,0.0
Kochi,1993,1A2G,ABFLOW020,Oil,,,0.0
Kochi,1993,1A2H,ABFLOW021,Coal,,,0.0
Kochi,1993,1A2H,ABFLOW021,Natural gas,,,0.0
Kochi,1993,1A2H,ABFLOW021,Oil,,,0.0
Kochi,1993,1A2I,ABFLOW013,Coal,,,0.0
Kochi,1993,1A2I,ABFLOW013,Natural gas,,,0.0
Kochi,1993,1A2I,ABFLOW013,Oil,,,0.0
Kochi,1993,1A2J,ABFLOW024,Coal,,,0.0
Kochi,1993,1A2J,ABFLOW024,Natural gas,,,0.0
Kochi,1993,1A2J,ABFLOW024,Oil,,,0.0
Kochi,1993,1A2K,ABFLOW014,Coal,,,0.0
Kochi,1993,1A2K,ABFLOW014,Natural gas,,,0.0
Kochi,1993,1A2K,ABFLOW014,Oil,,,0.0
Kochi,1993,1A2L,ABFLOW025,Coal,,,0.0
Kochi,1993,1A2L,ABFLOW025,Natural gas,,,0.0
Kochi,1993,1A2L,ABFLOW025,Oil,,,0.0
Kochi,1993,1A2M,ABFLOW026,Coal,,,0.0
Kochi,1993,1A2M,ABFLOW026,Natural gas,,,0.0
Kochi,1993,1A2M,ABFLOW026,Oil,,,0.0
Kochi,1993,1A3,ABFLOW027,Coal,,,0.0
Kochi,1993,1A3,ABFLOW027,Natural gas,,,0.0
Kochi,1993,1A3,ABFLOW027,Oil,,,0.0
Kochi,1993,1A3A,,Coal,,,0.0
Kochi,1993,1A3A,,Natural gas,,,0.0
Kochi,1993,1A3A,,Oil,,,0.0
Kochi,1993,1A3A1,ABFLOW040,Coal,,,0.0
Kochi,1993,1A3A1,ABFLOW040,Natural gas,,,0.0
Kochi,1993,1A3A1,ABFLOW040,Oil,,,0.0
Kochi,1993,1A3A2,ABFLOW029,Coal,,,0.0
Kochi,1993,1A3A2,ABFLOW029,Natural gas,,,0.0
Kochi,1993,1A3A2,ABFLOW029,Oil,,,0.0
Kochi,1993,1A3B,ABFLOW028,Coal,,,0.0
Kochi,1993,1A3B,ABFLOW028,Natural gas,,,0.0
Kochi,1993,1A3B,ABFLOW028,Oil,,,0.0
Kochi,1993,1A3C,ABFLOW030,Coal,,,0.0
Kochi,1993,1A3C,ABFLOW030,Natural gas,,,0.0
Kochi,1993,1A3C,ABFLOW030,Oil,,,0.0
Kochi,1993,1A3D,,Coal,,,0.0
Kochi,1993,1A3D,,Natural gas,,,0.0
Kochi,1993,1A3D,,Oil,,,0.0
Kochi,1993,1A3D1,ABFLOW039,Coal,,,0.0
Kochi,1993,1A3D1,ABFLOW039,Natural gas,,,0.0
Kochi,1993,1A3D1,ABFLOW039,Oil,,,0.0
Kochi,1993,1A3D2,ABFLOW032,Coal,,,0.0
Kochi,1993,1A3D2,ABFLOW032,Natural gas,,,0.0
Kochi,1993,1A3D2,ABFLOW032,Oil,,,0.0
Kochi,1993,1A3E,,Coal,,,0.0
Kochi,1993,1A3E,,Natural gas,,,0.0
Kochi,1993,1A3E,,Oil,,,0.0
Kochi,1993,1A3E1,ABFLOW033,Coal,,,0.0
Kochi,1993,1A3E1,ABFLOW033,Natural gas,,,0.0
Kochi,1993,1A3E1,ABFLOW033,Oil,,,0.0
Kochi,1993,1A4,,Coal,,,0.0
Kochi,1993,1A4,,Natural gas,,,0.0
Kochi,1993,1A4,,Oil,,,0.0
Kochi,1993,1A4A,ABFLOW035,Coal,,,0.0
Kochi,1993,1A4A,ABFLOW035,Natural gas,,,0.0
Kochi,1993,1A4A,ABFLOW035,Oil,,,0.0
Kochi,1993,1A4B,ABFLOW034,Coal,,,0.0
Kochi,1993,1A4B,ABFLOW034,Natural gas,,,0.0
Kochi,1993,1A4B,ABFLOW034,Oil,,,0.0
Kochi,1993,1A4C,,Coal,,,0.0
Kochi,1993,1A4C,,Natural gas,,,0.0
Kochi,1993,1A4C,,Oil,,,0.0
Kochi,1993,1A4C1,ABFLOW036,Coal,,,0.0
Kochi,1993,1A4C1,ABFLOW036,Natural gas,,,0.0
Kochi,1993,1A4C1,ABFLOW036,Oil,,,0.0
Kochi,1993,1A4C2,ABFLOW037,Coal,,,0.0
Kochi,1993,1A4C2,ABFLOW037,Natural gas,,,0.0
Kochi,1993,1A4C2,ABFLOW037,Oil,,,0.0
Kochi,1993,1A4C3,,Coal,,,0.0
Kochi,1993,1A4C3,,Natural gas,,,0.0
Kochi,1993,1A4C3,,Oil,,,0.0
Kochi,1993,1A5,ABFLOW038,Coal,,,0.0
Kochi,1993,1A5,ABFLOW038,Natural gas,,,0.0
Kochi,1993,1A5,ABFLOW038,Oil,,,0.0
Kochi,1993,1A5A,,Coal,,,0.0
Kochi,1993,1A5A,,Natural gas,,,0.0
Kochi,1993,1A5A,,Oil,,,0.0
Kochi,1993,1A5B,,Coal,,,0.0
Kochi,1993,1A5B,,Natural gas,,,0.0
Kochi,1993,1A5B,,Oil,,,0.0
Kochi,1993,1A5C,,Coal,,,0.0
Kochi,1993,1A5C,,Natural gas,,,0.0
Kochi,1993,1A5C,,Oil,,,0.0
Kochi,1993,1B,,,,,0.0
Kochi,1993,1B1,,,,,0.0
Kochi,1993,1B1A,,,,,0.0
Kochi,1993,1B1A1,,,,,0.0
Kochi,1993,1B1A11,,,,,0.0
Kochi,1993,1B1A12,,,,,0.0
Kochi,1993,1B1A13,,,,,0.0
Kochi,1993,1B1A14,,,,,0.0
Kochi,1993,1B1A2,,,,,0.0
Kochi,1993,1B1A21,,,,,0.0
Kochi,1993,1B1A22,,,,,0.0
Kochi,1993,1B1B,,,,,0.0
Kochi,1993,1B2,,,,,0.0
Kochi,1993,1B2A,,,,,0.0
Kochi,1993,1B2A1,,,,,0.0
Kochi,1993,1B2A2,,,,,0.0
Kochi,1993,1B2A3,,,,,0.0
Kochi,1993,1B2A31,,,,,0.0
Kochi,1993,1B2A32,,,,,0.0
Kochi,1993,1B2A33,,,,,0.0
Kochi,1993,1B2A34,,,,,0.0
Kochi,1993,1B2A35,,,,,0.0
Kochi,1993,1B2A36,,,,,0.0
Kochi,1993,1B2B,,,,,0.0
Kochi,1993,1B2B1,,,,,0.0
Kochi,1993,1B2B2,,,,,0.0
Kochi,1993,1B2B3,,,,,0.0
Kochi,1993,1B2B31,,,,,0.0
Kochi,1993,1B2B32,,,,,0.0
Kochi,1993,1B2B33,,,,,0.0
Kochi,1993,1B2B34,,,,,0.0
Kochi,1993,1B2B35,,,,,0.0
Kochi,1993,1B2B36,,,,,0.0
Kochi,1993,1B3,,,,,0.0
Kochi,1993,1C,,,,,0.0
Kochi,1993,1C1,,,,,0.0
Kochi,1993,1C1A,,,,,0.0
Kochi,1993,1C1B,,,,,0.0
Kochi,1993,1C1C,,,,,0.0
Kochi,1993,1C2,,,,,0.0
Kochi,1993,1C2A,,,,,0.0
Kochi,1993,1C2B,,,,,0.0
Kochi,1993,1C3,,,,,0.0
Kochi,1993,2,,,,,0.0
Kochi,1993,20,,,,,0.0
Kochi,1993,200,,,,,0.0
Kochi,1993,2000,,,,,0.0
Kochi,1993,20000,,,,,0.0
Kochi,1993,200000,,,,,0.0
Kochi,1993,2A,,,,,0.0
Kochi,1993,2A1,,,,,0.0
Kochi,1993,2A2,,,,,0.0
Kochi,1993,2A3,,,,,0.0
Kochi,1993,2A4,,,,,0.0
Kochi,1993,2A4A,,,,,0.0
Kochi,1993,2A4B,,,,,0.0
Kochi,1993,2A4C,,,,,0.0
Kochi,1993,2A4D,,,,,0.0
Kochi,1993,2B,,,,,0.0
Kochi,1993,2B1,,,,,0.0
Kochi,1993,2B10,,,,,0.0
Kochi,1993,2B2,,,,,0.0
Kochi,1993,2B3,,,,,0.0
Kochi,1993,2B4,,,,,0.0
Kochi,1993,2B5,,,,,0.0
Kochi,1993,2B6,,,,,0.0
Kochi,1993,2B7,,,,,0.0
Kochi,1993,2B8,,,,,0.0
Kochi,1993,2B8A,,,,,0.0
Kochi,1993,2B8B,,,,,0.0
Kochi,1993,2B8C,,,,,0.0
Kochi,1993,2B8D,,,,,0.0
Kochi,1993,2B8E,,,,,0.0
Kochi,1993,2B8F,,,,,0.0
Kochi,1993,2B9,,,,,0.0
Kochi,1993,2B9A,,,,,0.0
Kochi,1993,2B9B,,,,,0.0
Kochi,1993,2C,,,,,0.0
Kochi,1993,2C1,,,,,0.0
Kochi,1993,2C2,,,,,0.0
Kochi,1993,2C3,,,,,0.0
Kochi,1993,2C4,,,,,0.0
Kochi,1993,2C5,,,,,0.0
Kochi,1993,2C6,,,,,0.0
Kochi,1993,2C7,,,,,0.0
Kochi,1993,2D,,,,,0.0
Kochi,1993,2D1,,,,,0.0
Kochi,1993,2D2,,,,,0.0
Kochi,1993,2D3,,,,,0.0
Kochi,1993,2D4,,,,,0.0
Kochi,1993,2E,,,,,0.0
Kochi,1993,2F,,,,,0.0
Kochi,1993,2F1,,,,,0.0
Kochi,1993,2F2,,,,,0.0
Kochi,1993,2F3,,,,,0.0
Kochi,1993,2F4,,,,,0.0
Kochi,1993,2F5,,,,,0.0
Kochi,1993,2F6,,,,,0.0
Kochi,1993,2G,,,,,0.0
Kochi,1993,2G1,,,,,0.0
Kochi,1993,2G2,,,,,0.0
Kochi,1993,2G3,,,,,0.0
Kochi,1993,2G4,,,,,0.0
Kochi,1993,2H,,,,,0.0
Kochi,1993,2H1,,,,,0.0
Kochi,1993,2H2,,,,,0.0
Kochi,1993,2H3,,,,,0.0
Kochi,1993,3,,,,,0.0
Kochi,1993,3A,,,,,0.0
Kochi,1993,3A1,,,,,0.0
Kochi,1993,3A2,,,,,0.0
Kochi,1993,3B,,,,,0.0
Kochi,1993,3B1,,,,,0.0
Kochi,1993,3B1A,,,,,0.0
Kochi,1993,3B1B,,,,,0.0
Kochi,1993,3B2,,,,,0.0
Kochi,1993,3B2A,,,,,0.0
Kochi,1993,3B2B,,,,,0.0
Kochi,1993,3B3,,,,,0.0
Kochi,1993,3B3A,,,,,0.0
Kochi,1993,3B3B,,,,,0.0
Kochi,1993,3B4,,,,,0.0
Kochi,1993,3B4A,,,,,0.0
Kochi,1993,3B4B,,,,,0.0
Kochi,1993,3B5,,,,,0.0
Kochi,1993,3B5A,,,,,0.0
Kochi,1993,3B5B,,,,,0.0
Kochi,1993,3B6,,,,,0.0
Kochi,1993,3B6A,,,,,0.0
Kochi,1993,3B6B,,,,,0.0
Kochi,1993,3B6B1,,,,,0.0
Kochi,1993,3B6B2,,,,,0.0
Kochi,1993,3B6B3,,,,,0.0
Kochi,1993,3B6B4,,,,,0.0
Kochi,1993,3B6B5,,,,,0.0
Kochi,1993,3C,,,,,0.0
Kochi,1993,3C1,,,,,0.0
Kochi,1993,3C2,,,,,0.0
Kochi,1993,3C3,,,,,0.0
Kochi,1993,3C4,,,,,0.0
Kochi,1993,3C5,,,,,0.0
Kochi,1993,3C6,,,,,0.0
Kochi,1993,3C7,,,,,0.0
Kochi,1993,3C8,,,,,0.0
Kochi,1993,3D,,,,,0.0
Kochi,1993,3D1,,,,,0.0
Kochi,1993,3D2,,,,,0.0
Kochi,1993,4,,,,,0.0
Kochi,1993,4A,,,,,0.0
Kochi,1993,4A1,,,,,0.0
Kochi,1993,4A2,,,,,0.0
Kochi,1993,4A3,,,,,0.0
Kochi,1993,4B,,,,,0.0
Kochi,1993,4C,,,,,0.0
Kochi,1993,4C1,,,,,0.0
Kochi,1993,4C2,,,,,0.0
Kochi,1993,4D,,,,,0.0
Kochi,1993,4D1,,,,,0.0
Kochi,1993,4D2,,,,,0.0
Kochi,1993,4E,,,,,0.0
Kochi,1993,5,,,,,0.0
Kochi,1993,5A,,,,,0.0
Kochi,1993,5A1,,,,,0.0
Kochi,1993,5A2,,,,,0.0
Kochi,1994,0,,,,,0.0
Kochi,1994,1,,,,,0.0
Kochi,1994,1A,ABFLOW001,Coal,,,0.0
Kochi,1994,1A,ABFLOW001,Natural gas,,,0.0
Kochi,1994,1A,ABFLOW001,Oil,,,0.0
Kochi,1994,1A1,,Coal,,,0.0
Kochi,1994,1A1,,Natural gas,,,0.0
Kochi,1994,1A1,,Oil,,,0.0
Kochi,1994,1A1A,ABFLOW002,Coal,,,0.0
Kochi,1994,1A1A,ABFLOW002,Natural gas,,,0.0
Kochi,1994,1A1A,ABFLOW002,Oil,,,0.0
Kochi,1994,1A1A1,ABFLOW003,Coal,,,0.0
Kochi,1994,1A1A1,ABFLOW003,Natural gas,,,0.0
Kochi,1994,1A1A1,ABFLOW003,Oil,,,0.0
Kochi,1994,1A1A2,ABFLOW004,Coal,,,0.0
Kochi,1994,1A1A2,ABFLOW004,Natural gas,,,0.0
Kochi,1994,1A1A2,ABFLOW004,Oil,,,0.0
Kochi,1994,1A1A3,ABFLOW005,Coal,,,0.0
Kochi,1994,1A1A3,ABFLOW005,Natural gas,,,0.0
Kochi,1994,1A1A3,ABFLOW005,Oil,,,0.0
Kochi,1994,1A1B,ABFLOW011,Coal,,,0.0
Kochi,1994,1A1B,ABFLOW011,Natural gas,,,0.0
Kochi,1994,1A1B,ABFLOW011,Oil,,,0.0
Kochi,1994,1A1C,ABFLOW011,Coal,,,0.0
Kochi,1994,1A1C,ABFLOW011,Natural gas,,,0.0
Kochi,1994,1A1C,ABFLOW011,Oil,,,0.0
Kochi,1994,1A2,ABFLOW012,Coal,,,0.0
Kochi,1994,1A2,ABFLOW012,Natural gas,,,0.0
Kochi,1994,1A2,ABFLOW012,Oil,,,0.0
Kochi,1994,1A2A,ABFLOW016,Coal,,,0.0
Kochi,1994,1A2A,ABFLOW016,Natural gas,,,0.0
Kochi,1994,1A2A,ABFLOW016,Oil,,,0.0
Kochi,1994,1A2B,ABFLOW018,Coal,,,0.0
Kochi,1994,1A2B,ABFLOW018,Natural gas,,,0.0
Kochi,1994,1A2B,ABFLOW018,Oil,,,0.0
Kochi,1994,1A2C,ABFLOW017,Coal,,,0.0
Kochi,1994,1A2C,ABFLOW017,Natural gas,,,0.0
Kochi,1994,1A2C,ABFLOW017,Oil,,,0.0
Kochi,1994,1A2D,ABFLOW023,Coal,,,0.0
Kochi,1994,1A2D,ABFLOW023,Natural gas,,,0.0
Kochi,1994,1A2D,ABFLOW023,Oil,,,0.0
Kochi,1994,1A2E,ABFLOW022,Coal,,,0.0
Kochi,1994,1A2E,ABFLOW022,Natural gas,,,0.0
Kochi,1994,1A2E,ABFLOW022,Oil,,,0.0
Kochi,1994,1A2F,ABFLOW019,Coal,,,0.0
Kochi,1994,1A2F,ABFLOW019,Natural gas,,,0.0
Kochi,1994,1A2F,ABFLOW019,Oil,,,0.0
Kochi,1994,1A2G,ABFLOW020,Coal,,,0.0
Kochi,1994,1A2G,ABFLOW020,Natural gas,,,0.0
Kochi,1994,1A2G,ABFLOW020,Oil,,,0.0
Kochi,1994,1A2H,ABFLOW021,Coal,,,0.0
Kochi,1994,1A2H,ABFLOW021,Natural gas,,,0.0
Kochi,1994,1A2H,ABFLOW021,Oil,,,0.0
Kochi,1994,1A2I,ABFLOW013,Coal,,,0.0
Kochi,1994,1A2I,ABFLOW013,Natural gas,,,0.0
Kochi,1994,1A2I,ABFLOW013,Oil,,,0.0
Kochi,1994,1A2J,ABFLOW024,Coal,,,0.0
Kochi,1994,1A2J,ABFLOW024,Natural gas,,,0.0
Kochi,1994,1A2J,ABFLOW024,Oil,,,0.0
Kochi,1994,1A2K,ABFLOW014,Coal,,,0.0
Kochi,1994,1A2K,ABFLOW014,Natural gas,,,0.0
Kochi,1994,1A2K,ABFLOW014,Oil,,,0.0
Kochi,1994,1A2L,ABFLOW025,Coal,,,0.0
Kochi,1994,1A2L,ABFLOW025,Natural gas,,,0.0
Kochi,1994,1A2L,ABFLOW025,Oil,,,0.0
Kochi,1994,1A2M,ABFLOW026,Coal,,,0.0
Kochi,1994,1A2M,ABFLOW026,Natural gas,,,0.0
Kochi,1994,1A2M,ABFLOW026,Oil,,,0.0
Kochi,1994,1A3,ABFLOW027,Coal,,,0.0
Kochi,1994,1A3,ABFLOW027,Natural gas,,,0.0
Kochi,1994,1A3,ABFLOW027,Oil,,,0.0
Kochi,1994,1A3A,,Coal,,,0.0
Kochi,1994,1A3A,,Natural gas,,,0.0
Kochi,1994,1A3A,,Oil,,,0.0
Kochi,1994,1A3A1,ABFLOW040,Coal,,,0.0
Kochi,1994,1A3A1,ABFLOW040,Natural gas,,,0.0
Kochi,1994,1A3A1,ABFLOW040,Oil,,,0.0
Kochi,1994,1A3A2,ABFLOW029,Coal,,,0.0
Kochi,1994,1A3A2,ABFLOW029,Natural gas,,,0.0
Kochi,1994,1A3A2,ABFLOW029,Oil,,,0.0
Kochi,1994,1A3B,ABFLOW028,Coal,,,0.0
Kochi,1994,1A3B,ABFLOW028,Natural gas,,,0.0
Kochi,1994,1A3B,ABFLOW028,Oil,,,0.0
Kochi,1994,1A3C,ABFLOW030,Coal,,,0.0
Kochi,1994,1A3C,ABFLOW030,Natural gas,,,0.0
Kochi,1994,1A3C,ABFLOW030,Oil,,,0.0
Kochi,1994,1A3D,,Coal,,,0.0
Kochi,1994,1A3D,,Natural gas,,,0.0
Kochi,1994,1A3D,,Oil,,,0.0
Kochi,1994,1A3D1,ABFLOW039,Coal,,,0.0
Kochi,1994,1A3D1,ABFLOW039,Natural gas,,,0.0
Kochi,1994,1A3D1,ABFLOW039,Oil,,,0.0
Kochi,1994,1A3D2,ABFLOW032,Coal,,,0.0
Kochi,1994,1A3D2,ABFLOW032,Natural gas,,,0.0
Kochi,1994,1A3D2,ABFLOW032,Oil,,,0.0
Kochi,1994,1A3E,,Coal,,,0.0
Kochi,1994,1A3E,,Natural gas,,,0.0
Kochi,1994,1A3E,,Oil,,,0.0
Kochi,1994,1A3E1,ABFLOW033,Coal,,,0.0
Kochi,1994,1A3E1,ABFLOW033,Natural gas,,,0.0
Kochi,1994,1A3E1,ABFLOW033,Oil,,,0.0
Kochi,1994,1A4,,Coal,,,0.0
Kochi,1994,1A4,,Natural gas,,,0.0
Kochi,1994,1A4,,Oil,,,0.0
Kochi,1994,1A4A,ABFLOW035,Coal,,,0.0
Kochi,1994,1A4A,ABFLOW035,Natural gas,,,0.0
Kochi,1994,1A4A,ABFLOW035,Oil,,,0.0
Kochi,1994,1A4B,ABFLOW034,Coal,,,0.0
Kochi,1994,1A4B,ABFLOW034,Natural gas,,,0.0
Kochi,1994,1A4B,ABFLOW034,Oil,,,0.0
Kochi,1994,1A4C,,Coal,,,0.0
Kochi,1994,1A4C,,Natural gas,,,0.0
Kochi,1994,1A4C,,Oil,,,0.0
Kochi,1994,1A4C1,ABFLOW036,Coal,,,0.0
Kochi,1994,1A4C1,ABFLOW036,Natural gas,,,0.0
Kochi,1994,1A4C1,ABFLOW036,Oil,,,0.0
Kochi,1994,1A4C2,ABFLOW037,Coal,,,0.0
Kochi,1994,1A4C2,ABFLOW037,Natural gas,,,0.0
Kochi,1994,1A4C2,ABFLOW037,Oil,,,0.0
Kochi,1994,1A4C3,,Coal,,,0.0
Kochi,1994,1A4C3,,Natural gas,,,0.0
Kochi,1994,1A4C3,,Oil,,,0.0
Kochi,1994,1A5,ABFLOW038,Coal,,,0.0
Kochi,1994,1A5,ABFLOW038,Natural gas,,,0.0
Kochi,1994,1A5,ABFLOW038,Oil,,,0.0
Kochi,1994,1A5A,,Coal,,,0.0
Kochi,1994,1A5A,,Natural gas,,,0.0
Kochi,1994,1A5A,,Oil,,,0.0
Kochi,1994,1A5B,,Coal,,,0.0
Kochi,1994,1A5B,,Natural gas,,,0.0
Kochi,1994,1A5B,,Oil,,,0.0
Kochi,1994,1A5C,,Coal,,,0.0
Kochi,1994,1A5C,,Natural gas,,,0.0
Kochi,1994,1A5C,,Oil,,,0.0
Kochi,1994,1B,,,,,0.0
Kochi,1994,1B1,,,,,0.0
Kochi,1994,1B1A,,,,,0.0
Kochi,1994,1B1A1,,,,,0.0
Kochi,1994,1B1A11,,,,,0.0
Kochi,1994,1B1A12,,,,,0.0
Kochi,1994,1B1A13,,,,,0.0
Kochi,1994,1B1A14,,,,,0.0
Kochi,1994,1B1A2,,,,,0.0
Kochi,1994,1B1A21,,,,,0.0
Kochi,1994,1B1A22,,,,,0.0
Kochi,1994,1B1B,,,,,0.0
Kochi,1994,1B2,,,,,0.0
Kochi,1994,1B2A,,,,,0.0
Kochi,1994,1B2A1,,,,,0.0
Kochi,1994,1B2A2,,,,,0.0
Kochi,1994,1B2A3,,,,,0.0
Kochi,1994,1B2A31,,,,,0.0
Kochi,1994,1B2A32,,,,,0.0
Kochi,1994,1B2A33,,,,,0.0
Kochi,1994,1B2A34,,,,,0.0
Kochi,1994,1B2A35,,,,,0.0
Kochi,1994,1B2A36,,,,,0.0
Kochi,1994,1B2B,,,,,0.0
Kochi,1994,1B2B1,,,,,0.0
Kochi,1994,1B2B2,,,,,0.0
Kochi,1994,1B2B3,,,,,0.0
Kochi,1994,1B2B31,,,,,0.0
Kochi,1994,1B2B32,,,,,0.0
Kochi,1994,1B2B33,,,,,0.0
Kochi,1994,1B2B34,,,,,0.0
Kochi,1994,1B2B35,,,,,0.0
Kochi,1994,1B2B36,,,,,0.0
Kochi,1994,1B3,,,,,0.0
Kochi,1994,1C,,,,,0.0
Kochi,1994,1C1,,,,,0.0
Kochi,1994,1C1A,,,,,0.0
Kochi,1994,1C1B,,,,,0.0
Kochi,1994,1C1C,,,,,0.0
Kochi,1994,1C2,,,,,0.0
Kochi,1994,1C2A,,,,,0.0
Kochi,1994,1C2B,,,,,0.0
Kochi,1994,1C3,,,,,0.0
Kochi,1994,2,,,,,0.0
Kochi,1994,20,,,,,0.0
Kochi,1994,200,,,,,0.0
Kochi,1994,2000,,,,,0.0
Kochi,1994,20000,,,,,0.0
Kochi,1994,200000,,,,,0.0
Kochi,1994,2A,,,,,0.0
Kochi,1994,2A1,,,,,0.0
Kochi,1994,2A2,,,,,0.0
Kochi,1994,2A3,,,,,0.0
Kochi,1994,2A4,,,,,0.0
Kochi,1994,2A4A,,,,,0.0
Kochi,1994,2A4B,,,,,0.0
Kochi,1994,2A4C,,,,,0.0
Kochi,1994,2A4D,,,,,0.0
Kochi,1994,2B,,,,,0.0
Kochi,1994,2B1,,,,,0.0
Kochi,1994,2B10,,,,,0.0
Kochi,1994,2B2,,,,,0.0
Kochi,1994,2B3,,,,,0.0
Kochi,1994,2B4,,,,,0.0
Kochi,1994,2B5,,,,,0.0
Kochi,1994,2B6,,,,,0.0
Kochi,1994,2B7,,,,,0.0
Kochi,1994,2B8,,,,,0.0
Kochi,1994,2B8A,,,,,0.0
Kochi,1994,2B8B,,,,,0.0
Kochi,1994,2B8C,,,,,0.0
Kochi,1994,2B8D,,,,,0.0
Kochi,1994,2B8E,,,,,0.0
Kochi,1994,2B8F,,,,,0.0
Kochi,1994,2B9,,,,,0.0
Kochi,1994,2B9A,,,,,0.0
Kochi,1994,2B9B,,,,,0.0
Kochi,1994,2C,,,,,0.0
Kochi,1994,2C1,,,,,0.0
Kochi,1994,2C2,,,,,0.0
Kochi,1994,2C3,,,,,0.0
Kochi,1994,2C4,,,,,0.0
Kochi,1994,2C5,,,,,0.0
Kochi,1994,2C6,,,,,0.0
Kochi,1994,2C7,,,,,0.0
Kochi,1994,2D,,,,,0.0
Kochi,1994,2D1,,,,,0.0
Kochi,1994,2D2,,,,,0.0
Kochi,1994,2D3,,,,,0.0
Kochi,1994,2D4,,,,,0.0
Kochi,1994,2E,,,,,0.0
Kochi,1994,2F,,,,,0.0
Kochi,1994,2F1,,,,,0.0
Kochi,1994,2F2,,,,,0.0
Kochi,1994,2F3,,,,,0.0
Kochi,1994,2F4,,,,,0.0
Kochi,1994,2F5,,,,,0.0
Kochi,1994,2F6,,,,,0.0
Kochi,1994,2G,,,,,0.0
Kochi,1994,2G1,,,,,0.0
Kochi,1994,2G2,,,,,0.0
Kochi,1994,2G3,,,,,0.0
Kochi,1994,2G4,,,,,0.0
Kochi,1994,2H,,,,,0.0
Kochi,1994,2H1,,,,,0.0
Kochi,1994,2H2,,,,,0.0
Kochi,1994,2H3,,,,,0.0
Kochi,1994,3,,,,,0.0
Kochi,1994,3A,,,,,0.0
Kochi,1994,3A1,,,,,0.0
Kochi,1994,3A2,,,,,0.0
Kochi,1994,3B,,,,,0.0
Kochi,1994,3B1,,,,,0.0
Kochi,1994,3B1A,,,,,0.0
Kochi,1994,3B1B,,,,,0.0
Kochi,1994,3B2,,,,,0.0
Kochi,1994,3B2A,,,,,0.0
Kochi,1994,3B2B,,,,,0.0
Kochi,1994,3B3,,,,,0.0
Kochi,1994,3B3A,,,,,0.0
Kochi,1994,3B3B,,,,,0.0
Kochi,1994,3B4,,,,,0.0
Kochi,1994,3B4A,,,,,0.0
Kochi,1994,3B4B,,,,,0.0
Kochi,1994,3B5,,,,,0.0
Kochi,1994,3B5A,,,,,0.0
Kochi,1994,3B5B,,,,,0.0
Kochi,1994,3B6,,,,,0.0
Kochi,1994,3B6A,,,,,0.0
Kochi,1994,3B6B,,,,,0.0
Kochi,1994,3B6B1,,,,,0.0
Kochi,1994,3B6B2,,,,,0.0
Kochi,1994,3B6B3,,,,,0.0
Kochi,1994,3B6B4,,,,,0.0
Kochi,1994,3B6B5,,,,,0.0
Kochi,1994,3C,,,,,0.0
Kochi,1994,3C1,,,,,0.0
Kochi,1994,3C2,,,,,0.0
Kochi,1994,3C3,,,,,0.0
Kochi,1994,3C4,,,,,0.0
Kochi,1994,3C5,,,,,0.0
Kochi,1994,3C6,,,,,0.0
Kochi,1994,3C7,,,,,0.0
Kochi,1994,3C8,,,,,0.0
Kochi,1994,3D,,,,,0.0
Kochi,1994,3D1,,,,,0.0
Kochi,1994,3D2,,,,,0.0
Kochi,1994,4,,,,,0.0
Kochi,1994,4A,,,,,0.0
Kochi,1994,4A1,,,,,0.0
Kochi,1994,4A2,,,,,0.0
Kochi,1994,4A3,,,,,0.0
Kochi,1994,4B,,,,,0.0
Kochi,1994,4C,,,,,0.0
Kochi,1994,4C1,,,,,0.0
Kochi,1994,4C2,,,,,0.0
Kochi,1994,4D,,,,,0.0
Kochi,1994,4D1,,,,,0.0
Kochi,1994,4D2,,,,,0.0
Kochi,1994,4E,,,,,0.0
Kochi,1994,5,,,,,0.0
Kochi,1994,5A,,,,,0.0
Kochi,1994,5A1,,,,,0.0
Kochi,1994,5A2,,,,,0.0
Kochi,1995,0,,,,,0.0
Kochi,1995,1,,,,,0.0
Kochi,1995,1A,ABFLOW001,Coal,,,0.0
Kochi,1995,1A,ABFLOW001,Natural gas,,,0.0
Kochi,1995,1A,ABFLOW001,Oil,,,0.0
Kochi,1995,1A1,,Coal,,,0.0
Kochi,1995,1A1,,Natural gas,,,0.0
Kochi,1995,1A1,,Oil,,,0.0
Kochi,1995,1A1A,ABFLOW002,Coal,,,0.0
Kochi,1995,1A1A,ABFLOW002,Natural gas,,,0.0
Kochi,1995,1A1A,ABFLOW002,Oil,,,0.0
Kochi,1995,1A1A1,ABFLOW003,Coal,,,0.0
Kochi,1995,1A1A1,ABFLOW003,Natural gas,,,0.0
Kochi,1995,1A1A1,ABFLOW003,Oil,,,0.0
Kochi,1995,1A1A2,ABFLOW004,Coal,,,0.0
Kochi,1995,1A1A2,ABFLOW004,Natural gas,,,0.0
Kochi,1995,1A1A2,ABFLOW004,Oil,,,0.0
Kochi,1995,1A1A3,ABFLOW005,Coal,,,0.0
Kochi,1995,1A1A3,ABFLOW005,Natural gas,,,0.0
Kochi,1995,1A1A3,ABFLOW005,Oil,,,0.0
Kochi,1995,1A1B,ABFLOW011,Coal,,,0.0
Kochi,1995,1A1B,ABFLOW011,Natural gas,,,0.0
Kochi,1995,1A1B,ABFLOW011,Oil,,,0.0
Kochi,1995,1A1C,ABFLOW011,Coal,,,0.0
Kochi,1995,1A1C,ABFLOW011,Natural gas,,,0.0
Kochi,1995,1A1C,ABFLOW011,Oil,,,0.0
Kochi,1995,1A2,ABFLOW012,Coal,,,0.0
Kochi,1995,1A2,ABFLOW012,Natural gas,,,0.0
Kochi,1995,1A2,ABFLOW012,Oil,,,0.0
Kochi,1995,1A2A,ABFLOW016,Coal,,,0.0
Kochi,1995,1A2A,ABFLOW016,Natural gas,,,0.0
Kochi,1995,1A2A,ABFLOW016,Oil,,,0.0
Kochi,1995,1A2B,ABFLOW018,Coal,,,0.0
Kochi,1995,1A2B,ABFLOW018,Natural gas,,,0.0
Kochi,1995,1A2B,ABFLOW018,Oil,,,0.0
Kochi,1995,1A2C,ABFLOW017,Coal,,,0.0
Kochi,1995,1A2C,ABFLOW017,Natural gas,,,0.0
Kochi,1995,1A2C,ABFLOW017,Oil,,,0.0
Kochi,1995,1A2D,ABFLOW023,Coal,,,0.0
Kochi,1995,1A2D,ABFLOW023,Natural gas,,,0.0
Kochi,1995,1A2D,ABFLOW023,Oil,,,0.0
Kochi,1995,1A2E,ABFLOW022,Coal,,,0.0
Kochi,1995,1A2E,ABFLOW022,Natural gas,,,0.0
Kochi,1995,1A2E,ABFLOW022,Oil,,,0.0
Kochi,1995,1A2F,ABFLOW019,Coal,,,0.0
Kochi,1995,1A2F,ABFLOW019,Natural gas,,,0.0
Kochi,1995,1A2F,ABFLOW019,Oil,,,0.0
Kochi,1995,1A2G,ABFLOW020,Coal,,,0.0
Kochi,1995,1A2G,ABFLOW020,Natural gas,,,0.0
Kochi,1995,1A2G,ABFLOW020,Oil,,,0.0
Kochi,1995,1A2H,ABFLOW021,Coal,,,0.0
Kochi,1995,1A2H,ABFLOW021,Natural gas,,,0.0
Kochi,1995,1A2H,ABFLOW021,Oil,,,0.0
Kochi,1995,1A2I,ABFLOW013,Coal,,,0.0
Kochi,1995,1A2I,ABFLOW013,Natural gas,,,0.0
Kochi,1995,1A2I,ABFLOW013,Oil,,,0.0
Kochi,1995,1A2J,ABFLOW024,Coal,,,0.0
Kochi,1995,1A2J,ABFLOW024,Natural gas,,,0.0
Kochi,1995,1A2J,ABFLOW024,Oil,,,0.0
Kochi,1995,1A2K,ABFLOW014,Coal,,,0.0
Kochi,1995,1A2K,ABFLOW014,Natural gas,,,0.0
Kochi,1995,1A2K,ABFLOW014,Oil,,,0.0
Kochi,1995,1A2L,ABFLOW025,Coal,,,0.0
Kochi,1995,1A2L,ABFLOW025,Natural gas,,,0.0
Kochi,1995,1A2L,ABFLOW025,Oil,,,0.0
Kochi,1995,1A2M,ABFLOW026,Coal,,,0.0
Kochi,1995,1A2M,ABFLOW026,Natural gas,,,0.0
Kochi,1995,1A2M,ABFLOW026,Oil,,,0.0
Kochi,1995,1A3,ABFLOW027,Coal,,,0.0
Kochi,1995,1A3,ABFLOW027,Natural gas,,,0.0
Kochi,1995,1A3,ABFLOW027,Oil,,,0.0
Kochi,1995,1A3A,,Coal,,,0.0
Kochi,1995,1A3A,,Natural gas,,,0.0
Kochi,1995,1A3A,,Oil,,,0.0
Kochi,1995,1A3A1,ABFLOW040,Coal,,,0.0
Kochi,1995,1A3A1,ABFLOW040,Natural gas,,,0.0
Kochi,1995,1A3A1,ABFLOW040,Oil,,,0.0
Kochi,1995,1A3A2,ABFLOW029,Coal,,,0.0
Kochi,1995,1A3A2,ABFLOW029,Natural gas,,,0.0
Kochi,1995,1A3A2,ABFLOW029,Oil,,,0.0
Kochi,1995,1A3B,ABFLOW028,Coal,,,0.0
Kochi,1995,1A3B,ABFLOW028,Natural gas,,,0.0
Kochi,1995,1A3B,ABFLOW028,Oil,,,0.0
Kochi,1995,1A3C,ABFLOW030,Coal,,,0.0
Kochi,1995,1A3C,ABFLOW030,Natural gas,,,0.0
Kochi,1995,1A3C,ABFLOW030,Oil,,,0.0
Kochi,1995,1A3D,,Coal,,,0.0
Kochi,1995,1A3D,,Natural gas,,,0.0
Kochi,1995,1A3D,,Oil,,,0.0
Kochi,1995,1A3D1,ABFLOW039,Coal,,,0.0
Kochi,1995,1A3D1,ABFLOW039,Natural gas,,,0.0
Kochi,1995,1A3D1,ABFLOW039,Oil,,,0.0
Kochi,1995,1A3D2,ABFLOW032,Coal,,,0.0
Kochi,1995,1A3D2,ABFLOW032,Natural gas,,,0.0
Kochi,1995,1A3D2,ABFLOW032,Oil,,,0.0
Kochi,1995,1A3E,,Coal,,,0.0
Kochi,1995,1A3E,,Natural gas,,,0.0
Kochi,1995,1A3E,,Oil,,,0.0
Kochi,1995,1A3E1,ABFLOW033,Coal,,,0.0
Kochi,1995,1A3E1,ABFLOW033,Natural gas,,,0.0
Kochi,1995,1A3E1,ABFLOW033,Oil,,,0.0
Kochi,1995,1A4,,Coal,,,0.0
Kochi,1995,1A4,,Natural gas,,,0.0
Kochi,1995,1A4,,Oil,,,0.0
Kochi,1995,1A4A,ABFLOW035,Coal,,,0.0
Kochi,1995,1A4A,ABFLOW035,Natural gas,,,0.0
Kochi,1995,1A4A,ABFLOW035,Oil,,,0.0
Kochi,1995,1A4B,ABFLOW034,Coal,,,0.0
Kochi,1995,1A4B,ABFLOW034,Natural gas,,,0.0
Kochi,1995,1A4B,ABFLOW034,Oil,,,0.0
Kochi,1995,1A4C,,Coal,,,0.0
Kochi,1995,1A4C,,Natural gas,,,0.0
Kochi,1995,1A4C,,Oil,,,0.0
Kochi,1995,1A4C1,ABFLOW036,Coal,,,0.0
Kochi,1995,1A4C1,ABFLOW036,Natural gas,,,0.0
Kochi,1995,1A4C1,ABFLOW036,Oil,,,0.0
Kochi,1995,1A4C2,ABFLOW037,Coal,,,0.0
Kochi,1995,1A4C2,ABFLOW037,Natural gas,,,0.0
Kochi,1995,1A4C2,ABFLOW037,Oil,,,0.0
Kochi,1995,1A4C3,,Coal,,,0.0
Kochi,1995,1A4C3,,Natural gas,,,0.0
Kochi,1995,1A4C3,,Oil,,,0.0
Kochi,1995,1A5,ABFLOW038,Coal,,,0.0
Kochi,1995,1A5,ABFLOW038,Natural gas,,,0.0
Kochi,1995,1A5,ABFLOW038,Oil,,,0.0
Kochi,1995,1A5A,,Coal,,,0.0
Kochi,1995,1A5A,,Natural gas,,,0.0
Kochi,1995,1A5A,,Oil,,,0.0
Kochi,1995,1A5B,,Coal,,,0.0
Kochi,1995,1A5B,,Natural gas,,,0.0
Kochi,1995,1A5B,,Oil,,,0.0
Kochi,1995,1A5C,,Coal,,,0.0
Kochi,1995,1A5C,,Natural gas,,,0.0
Kochi,1995,1A5C,,Oil,,,0.0
Kochi,1995,1B,,,,,0.0
Kochi,1995,1B1,,,,,0.0
Kochi,1995,1B1A,,,,,0.0
Kochi,1995,1B1A1,,,,,0.0
Kochi,1995,1B1A11,,,,,0.0
Kochi,1995,1B1A12,,,,,0.0
Kochi,1995,1B1A13,,,,,0.0
Kochi,1995,1B1A14,,,,,0.0
Kochi,1995,1B1A2,,,,,0.0
Kochi,1995,1B1A21,,,,,0.0
Kochi,1995,1B1A22,,,,,0.0
Kochi,1995,1B1B,,,,,0.0
Kochi,1995,1B2,,,,,0.0
Kochi,1995,1B2A,,,,,0.0
Kochi,1995,1B2A1,,,,,0.0
Kochi,1995,1B2A2,,,,,0.0
Kochi,1995,1B2A3,,,,,0.0
Kochi,1995,1B2A31,,,,,0.0
Kochi,1995,1B2A32,,,,,0.0
Kochi,1995,1B2A33,,,,,0.0
Kochi,1995,1B2A34,,,,,0.0
Kochi,1995,1B2A35,,,,,0.0
Kochi,1995,1B2A36,,,,,0.0
Kochi,1995,1B2B,,,,,0.0
Kochi,1995,1B2B1,,,,,0.0
Kochi,1995,1B2B2,,,,,0.0
Kochi,1995,1B2B3,,,,,0.0
Kochi,1995,1B2B31,,,,,0.0
Kochi,1995,1B2B32,,,,,0.0
Kochi,1995,1B2B33,,,,,0.0
Kochi,1995,1B2B34,,,,,0.0
Kochi,1995,1B2B35,,,,,0.0
Kochi,1995,1B2B36,,,,,0.0
Kochi,1995,1B3,,,,,0.0
Kochi,1995,1C,,,,,0.0
Kochi,1995,1C1,,,,,0.0
Kochi,1995,1C1A,,,,,0.0
Kochi,1995,1C1B,,,,,0.0
Kochi,1995,1C1C,,,,,0.0
Kochi,1995,1C2,,,,,0.0
Kochi,1995,1C2A,,,,,0.0
Kochi,1995,1C2B,,,,,0.0
Kochi,1995,1C3,,,,,0.0
Kochi,1995,2,,,,,0.0
Kochi,1995,20,,,,,0.0
Kochi,1995,200,,,,,0.0
Kochi,1995,2000,,,,,0.0
Kochi,1995,20000,,,,,0.0
Kochi,1995,200000,,,,,0.0
Kochi,1995,2A,,,,,0.0
Kochi,1995,2A1,,,,,0.0
Kochi,1995,2A2,,,,,0.0
Kochi,1995,2A3,,,,,0.0
Kochi,1995,2A4,,,,,0.0
Kochi,1995,2A4A,,,,,0.0
Kochi,1995,2A4B,,,,,0.0
Kochi,1995,2A4C,,,,,0.0
Kochi,1995,2A4D,,,,,0.0
Kochi,1995,2B,,,,,0.0
Kochi,1995,2B1,,,,,0.0
Kochi,1995,2B10,,,,,0.0
Kochi,1995,2B2,,,,,0.0
Kochi,1995,2B3,,,,,0.0
Kochi,1995,2B4,,,,,0.0
Kochi,1995,2B5,,,,,0.0
Kochi,1995,2B6,,,,,0.0
Kochi,1995,2B7,,,,,0.0
Kochi,1995,2B8,,,,,0.0
Kochi,1995,2B8A,,,,,0.0
Kochi,1995,2B8B,,,,,0.0
Kochi,1995,2B8C,,,,,0.0
Kochi,1995,2B8D,,,,,0.0
Kochi,1995,2B8E,,,,,0.0
Kochi,1995,2B8F,,,,,0.0
Kochi,1995,2B9,,,,,0.0
Kochi,1995,2B9A,,,,,0.0
Kochi,1995,2B9B,,,,,0.0
Kochi,1995,2C,,,,,0.0
Kochi,1995,2C1,,,,,0.0
Kochi,1995,2C2,,,,,0.0
Kochi,1995,2C3,,,,,0.0
Kochi,1995,2C4,,,,,0.0
Kochi,1995,2C5,,,,,0.0
Kochi,1995,2C6,,,,,0.0
Kochi,1995,2C7,,,,,0.0
Kochi,1995,2D,,,,,0.0
Kochi,1995,2D1,,,,,0.0
Kochi,1995,2D2,,,,,0.0
Kochi,1995,2D3,,,,,0.0
Kochi,1995,2D4,,,,,0.0
Kochi,1995,2E,,,,,0.0
Kochi,1995,2F,,,,,0.0
Kochi,1995,2F1,,,,,0.0
Kochi,1995,2F2,,,,,0.0
Kochi,1995,2F3,,,,,0.0
Kochi,1995,2F4,,,,,0.0
Kochi,1995,2F5,,,,,0.0
Kochi,1995,2F6,,,,,0.0
Kochi,1995,2G,,,,,0.0
Kochi,1995,2G1,,,,,0.0
Kochi,1995,2G2,,,,,0.0
Kochi,1995,2G3,,,,,0.0
Kochi,1995,2G4,,,,,0.0
Kochi,1995,2H,,,,,0.0
Kochi,1995,2H1,,,,,0.0
Kochi,1995,2H2,,,,,0.0
Kochi,1995,2H3,,,,,0.0
Kochi,1995,3,,,,,0.0
Kochi,1995,3A,,,,,0.0
Kochi,1995,3A1,,,,,0.0
Kochi,1995,3A2,,,,,0.0
Kochi,1995,3B,,,,,0.0
Kochi,1995,3B1,,,,,0.0
Kochi,1995,3B1A,,,,,0.0
Kochi,1995,3B1B,,,,,0.0
Kochi,1995,3B2,,,,,0.0
Kochi,1995,3B2A,,,,,0.0
Kochi,1995,3B2B,,,,,0.0
Kochi,1995,3B3,,,,,0.0
Kochi,1995,3B3A,,,,,0.0
Kochi,1995,3B3B,,,,,0.0
Kochi,1995,3B4,,,,,0.0
Kochi,1995,3B4A,,,,,0.0
Kochi,1995,3B4B,,,,,0.0
Kochi,1995,3B5,,,,,0.0
Kochi,1995,3B5A,,,,,0.0
Kochi,1995,3B5B,,,,,0.0
Kochi,1995,3B6,,,,,0.0
Kochi,1995,3B6A,,,,,0.0
Kochi,1995,3B6B,,,,,0.0
Kochi,1995,3B6B1,,,,,0.0
Kochi,1995,3B6B2,,,,,0.0
Kochi,1995,3B6B3,,,,,0.0
Kochi,1995,3B6B4,,,,,0.0
Kochi,1995,3B6B5,,,,,0.0
Kochi,1995,3C,,,,,0.0
Kochi,1995,3C1,,,,,0.0
Kochi,1995,3C2,,,,,0.0
Kochi,1995,3C3,,,,,0.0
Kochi,1995,3C4,,,,,0.0
Kochi,1995,3C5,,,,,0.0
Kochi,1995,3C6,,,,,0.0
Kochi,1995,3C7,,,,,0.0
Kochi,1995,3C8,,,,,0.0
Kochi,1995,3D,,,,,0.0
Kochi,1995,3D1,,,,,0.0
Kochi,1995,3D2,,,,,0.0
Kochi,1995,4,,,,,0.0
Kochi,1995,4A,,,,,0.0
Kochi,1995,4A1,,,,,0.0
Kochi,1995,4A2,,,,,0.0
Kochi,1995,4A3,,,,,0.0
Kochi,1995,4B,,,,,0.0
Kochi,1995,4C,,,,,0.0
Kochi,1995,4C1,,,,,0.0
Kochi,1995,4C2,,,,,0.0
Kochi,1995,4D,,,,,0.0
Kochi,1995,4D1,,,,,0.0
Kochi,1995,4D2,,,,,0.0
Kochi,1995,4E,,,,,0.0
Kochi,1995,5,,,,,0.0
Kochi,1995,5A,,,,,0.0
Kochi,1995,5A1,,,,,0.0
Kochi,1995,5A2,,,,,0.0
Kochi,1996,0,,,,,0.0
Kochi,1996,1,,,,,0.0
Kochi,1996,1A,ABFLOW001,Coal,,,0.0
Kochi,1996,1A,ABFLOW001,Natural gas,,,0.0
Kochi,1996,1A,ABFLOW001,Oil,,,0.0
Kochi,1996,1A1,,Coal,,,0.0
Kochi,1996,1A1,,Natural gas,,,0.0
Kochi,1996,1A1,,Oil,,,0.0
Kochi,1996,1A1A,ABFLOW002,Coal,,,0.0
Kochi,1996,1A1A,ABFLOW002,Natural gas,,,0.0
Kochi,1996,1A1A,ABFLOW002,Oil,,,0.0
Kochi,1996,1A1A1,ABFLOW003,Coal,,,0.0
Kochi,1996,1A1A1,ABFLOW003,Natural gas,,,0.0
Kochi,1996,1A1A1,ABFLOW003,Oil,,,0.0
Kochi,1996,1A1A2,ABFLOW004,Coal,,,0.0
Kochi,1996,1A1A2,ABFLOW004,Natural gas,,,0.0
Kochi,1996,1A1A2,ABFLOW004,Oil,,,0.0
Kochi,1996,1A1A3,ABFLOW005,Coal,,,0.0
Kochi,1996,1A1A3,ABFLOW005,Natural gas,,,0.0
Kochi,1996,1A1A3,ABFLOW005,Oil,,,0.0
Kochi,1996,1A1B,ABFLOW011,Coal,,,0.0
Kochi,1996,1A1B,ABFLOW011,Natural gas,,,0.0
Kochi,1996,1A1B,ABFLOW011,Oil,,,0.0
Kochi,1996,1A1C,ABFLOW011,Coal,,,0.0
Kochi,1996,1A1C,ABFLOW011,Natural gas,,,0.0
Kochi,1996,1A1C,ABFLOW011,Oil,,,0.0
Kochi,1996,1A2,ABFLOW012,Coal,,,0.0
Kochi,1996,1A2,ABFLOW012,Natural gas,,,0.0
Kochi,1996,1A2,ABFLOW012,Oil,,,0.0
Kochi,1996,1A2A,ABFLOW016,Coal,,,0.0
Kochi,1996,1A2A,ABFLOW016,Natural gas,,,0.0
Kochi,1996,1A2A,ABFLOW016,Oil,,,0.0
Kochi,1996,1A2B,ABFLOW018,Coal,,,0.0
Kochi,1996,1A2B,ABFLOW018,Natural gas,,,0.0
Kochi,1996,1A2B,ABFLOW018,Oil,,,0.0
Kochi,1996,1A2C,ABFLOW017,Coal,,,0.0
Kochi,1996,1A2C,ABFLOW017,Natural gas,,,0.0
Kochi,1996,1A2C,ABFLOW017,Oil,,,0.0
Kochi,1996,1A2D,ABFLOW023,Coal,,,0.0
Kochi,1996,1A2D,ABFLOW023,Natural gas,,,0.0
Kochi,1996,1A2D,ABFLOW023,Oil,,,0.0
Kochi,1996,1A2E,ABFLOW022,Coal,,,0.0
Kochi,1996,1A2E,ABFLOW022,Natural gas,,,0.0
Kochi,1996,1A2E,ABFLOW022,Oil,,,0.0
Kochi,1996,1A2F,ABFLOW019,Coal,,,0.0
Kochi,1996,1A2F,ABFLOW019,Natural gas,,,0.0
Kochi,1996,1A2F,ABFLOW019,Oil,,,0.0
Kochi,1996,1A2G,ABFLOW020,Coal,,,0.0
Kochi,1996,1A2G,ABFLOW020,Natural gas,,,0.0
Kochi,1996,1A2G,ABFLOW020,Oil,,,0.0
Kochi,1996,1A2H,ABFLOW021,Coal,,,0.0
Kochi,1996,1A2H,ABFLOW021,Natural gas,,,0.0
Kochi,1996,1A2H,ABFLOW021,Oil,,,0.0
Kochi,1996,1A2I,ABFLOW013,Coal,,,0.0
Kochi,1996,1A2I,ABFLOW013,Natural gas,,,0.0
Kochi,1996,1A2I,ABFLOW013,Oil,,,0.0
Kochi,1996,1A2J,ABFLOW024,Coal,,,0.0
Kochi,1996,1A2J,ABFLOW024,Natural gas,,,0.0
Kochi,1996,1A2J,ABFLOW024,Oil,,,0.0
Kochi,1996,1A2K,ABFLOW014,Coal,,,0.0
Kochi,1996,1A2K,ABFLOW014,Natural gas,,,0.0
Kochi,1996,1A2K,ABFLOW014,Oil,,,0.0
Kochi,1996,1A2L,ABFLOW025,Coal,,,0.0
Kochi,1996,1A2L,ABFLOW025,Natural gas,,,0.0
Kochi,1996,1A2L,ABFLOW025,Oil,,,0.0
Kochi,1996,1A2M,ABFLOW026,Coal,,,0.0
Kochi,1996,1A2M,ABFLOW026,Natural gas,,,0.0
Kochi,1996,1A2M,ABFLOW026,Oil,,,0.0
Kochi,1996,1A3,ABFLOW027,Coal,,,0.0
Kochi,1996,1A3,ABFLOW027,Natural gas,,,0.0
Kochi,1996,1A3,ABFLOW027,Oil,,,0.0
Kochi,1996,1A3A,,Coal,,,0.0
Kochi,1996,1A3A,,Natural gas,,,0.0
Kochi,1996,1A3A,,Oil,,,0.0
Kochi,1996,1A3A1,ABFLOW040,Coal,,,0.0
Kochi,1996,1A3A1,ABFLOW040,Natural gas,,,0.0
Kochi,1996,1A3A1,ABFLOW040,Oil,,,0.0
Kochi,1996,1A3A2,ABFLOW029,Coal,,,0.0
Kochi,1996,1A3A2,ABFLOW029,Natural gas,,,0.0
Kochi,1996,1A3A2,ABFLOW029,Oil,,,0.0
Kochi,1996,1A3B,ABFLOW028,Coal,,,0.0
Kochi,1996,1A3B,ABFLOW028,Natural gas,,,0.0
Kochi,1996,1A3B,ABFLOW028,Oil,,,0.0
Kochi,1996,1A3C,ABFLOW030,Coal,,,0.0
Kochi,1996,1A3C,ABFLOW030,Natural gas,,,0.0
Kochi,1996,1A3C,ABFLOW030,Oil,,,0.0
Kochi,1996,1A3D,,Coal,,,0.0
Kochi,1996,1A3D,,Natural gas,,,0.0
Kochi,1996,1A3D,,Oil,,,0.0
Kochi,1996,1A3D1,ABFLOW039,Coal,,,0.0
Kochi,1996,1A3D1,ABFLOW039,Natural gas,,,0.0
Kochi,1996,1A3D1,ABFLOW039,Oil,,,0.0
Kochi,1996,1A3D2,ABFLOW032,Coal,,,0.0
Kochi,1996,1A3D2,ABFLOW032,Natural gas,,,0.0
Kochi,1996,1A3D2,ABFLOW032,Oil,,,0.0
Kochi,1996,1A3E,,Coal,,,0.0
Kochi,1996,1A3E,,Natural gas,,,0.0
Kochi,1996,1A3E,,Oil,,,0.0
Kochi,1996,1A3E1,ABFLOW033,Coal,,,0.0
Kochi,1996,1A3E1,ABFLOW033,Natural gas,,,0.0
Kochi,1996,1A3E1,ABFLOW033,Oil,,,0.0
Kochi,1996,1A4,,Coal,,,0.0
Kochi,1996,1A4,,Natural gas,,,0.0
Kochi,1996,1A4,,Oil,,,0.0
Kochi,1996,1A4A,ABFLOW035,Coal,,,0.0
Kochi,1996,1A4A,ABFLOW035,Natural gas,,,0.0
Kochi,1996,1A4A,ABFLOW035,Oil,,,0.0
Kochi,1996,1A4B,ABFLOW034,Coal,,,0.0
Kochi,1996,1A4B,ABFLOW034,Natural gas,,,0.0
Kochi,1996,1A4B,ABFLOW034,Oil,,,0.0
Kochi,1996,1A4C,,Coal,,,0.0
Kochi,1996,1A4C,,Natural gas,,,0.0
Kochi,1996,1A4C,,Oil,,,0.0
Kochi,1996,1A4C1,ABFLOW036,Coal,,,0.0
Kochi,1996,1A4C1,ABFLOW036,Natural gas,,,0.0
Kochi,1996,1A4C1,ABFLOW036,Oil,,,0.0
Kochi,1996,1A4C2,ABFLOW037,Coal,,,0.0
Kochi,1996,1A4C2,ABFLOW037,Natural gas,,,0.0
Kochi,1996,1A4C2,ABFLOW037,Oil,,,0.0
Kochi,1996,1A4C3,,Coal,,,0.0
Kochi,1996,1A4C3,,Natural gas,,,0.0
Kochi,1996,1A4C3,,Oil,,,0.0
Kochi,1996,1A5,ABFLOW038,Coal,,,0.0
Kochi,1996,1A5,ABFLOW038,Natural gas,,,0.0
Kochi,1996,1A5,ABFLOW038,Oil,,,0.0
Kochi,1996,1A5A,,Coal,,,0.0
Kochi,1996,1A5A,,Natural gas,,,0.0
Kochi,1996,1A5A,,Oil,,,0.0
Kochi,1996,1A5B,,Coal,,,0.0
Kochi,1996,1A5B,,Natural gas,,,0.0
Kochi,1996,1A5B,,Oil,,,0.0
Kochi,1996,1A5C,,Coal,,,0.0
Kochi,1996,1A5C,,Natural gas,,,0.0
Kochi,1996,1A5C,,Oil,,,0.0
Kochi,1996,1B,,,,,0.0
Kochi,1996,1B1,,,,,0.0
Kochi,1996,1B1A,,,,,0.0
Kochi,1996,1B1A1,,,,,0.0
Kochi,1996,1B1A11,,,,,0.0
Kochi,1996,1B1A12,,,,,0.0
Kochi,1996,1B1A13,,,,,0.0
Kochi,1996,1B1A14,,,,,0.0
Kochi,1996,1B1A2,,,,,0.0
Kochi,1996,1B1A21,,,,,0.0
Kochi,1996,1B1A22,,,,,0.0
Kochi,1996,1B1B,,,,,0.0
Kochi,1996,1B2,,,,,0.0
Kochi,1996,1B2A,,,,,0.0
Kochi,1996,1B2A1,,,,,0.0
Kochi,1996,1B2A2,,,,,0.0
Kochi,1996,1B2A3,,,,,0.0
Kochi,1996,1B2A31,,,,,0.0
Kochi,1996,1B2A32,,,,,0.0
Kochi,1996,1B2A33,,,,,0.0
Kochi,1996,1B2A34,,,,,0.0
Kochi,1996,1B2A35,,,,,0.0
Kochi,1996,1B2A36,,,,,0.0
Kochi,1996,1B2B,,,,,0.0
Kochi,1996,1B2B1,,,,,0.0
Kochi,1996,1B2B2,,,,,0.0
Kochi,1996,1B2B3,,,,,0.0
Kochi,1996,1B2B31,,,,,0.0
Kochi,1996,1B2B32,,,,,0.0
Kochi,1996,1B2B33,,,,,0.0
Kochi,1996,1B2B34,,,,,0.0
Kochi,1996,1B2B35,,,,,0.0
Kochi,1996,1B2B36,,,,,0.0
Kochi,1996,1B3,,,,,0.0
Kochi,1996,1C,,,,,0.0
Kochi,1996,1C1,,,,,0.0
Kochi,1996,1C1A,,,,,0.0
Kochi,1996,1C1B,,,,,0.0
Kochi,1996,1C1C,,,,,0.0
Kochi,1996,1C2,,,,,0.0
Kochi,1996,1C2A,,,,,0.0
Kochi,1996,1C2B,,,,,0.0
Kochi,1996,1C3,,,,,0.0
Kochi,1996,2,,,,,0.0
Kochi,1996,20,,,,,0.0
Kochi,1996,200,,,,,0.0
Kochi,1996,2000,,,,,0.0
Kochi,1996,20000,,,,,0.0
Kochi,1996,200000,,,,,0.0
Kochi,1996,2A,,,,,0.0
Kochi,1996,2A1,,,,,0.0
Kochi,1996,2A2,,,,,0.0
Kochi,1996,2A3,,,,,0.0
Kochi,1996,2A4,,,,,0.0
Kochi,1996,2A4A,,,,,0.0
Kochi,1996,2A4B,,,,,0.0
Kochi,1996,2A4C,,,,,0.0
Kochi,1996,2A4D,,,,,0.0
Kochi,1996,2B,,,,,0.0
Kochi,1996,2B1,,,,,0.0
Kochi,1996,2B10,,,,,0.0
Kochi,1996,2B2,,,,,0.0
Kochi,1996,2B3,,,,,0.0
Kochi,1996,2B4,,,,,0.0
Kochi,1996,2B5,,,,,0.0
Kochi,1996,2B6,,,,,0.0
Kochi,1996,2B7,,,,,0.0
Kochi,1996,2B8,,,,,0.0
Kochi,1996,2B8A,,,,,0.0
Kochi,1996,2B8B,,,,,0.0
Kochi,1996,2B8C,,,,,0.0
Kochi,1996,2B8D,,,,,0.0
Kochi,1996,2B8E,,,,,0.0
Kochi,1996,2B8F,,,,,0.0
Kochi,1996,2B9,,,,,0.0
Kochi,1996,2B9A,,,,,0.0
Kochi,1996,2B9B,,,,,0.0
Kochi,1996,2C,,,,,0.0
Kochi,1996,2C1,,,,,0.0
Kochi,1996,2C2,,,,,0.0
Kochi,1996,2C3,,,,,0.0
Kochi,1996,2C4,,,,,0.0
Kochi,1996,2C5,,,,,0.0
Kochi,1996,2C6,,,,,0.0
Kochi,1996,2C7,,,,,0.0
Kochi,1996,2D,,,,,0.0
Kochi,1996,2D1,,,,,0.0
Kochi,1996,2D2,,,,,0.0
Kochi,1996,2D3,,,,,0.0
Kochi,1996,2D4,,,,,0.0
Kochi,1996,2E,,,,,0.0
Kochi,1996,2F,,,,,0.0
Kochi,1996,2F1,,,,,0.0
Kochi,1996,2F2,,,,,0.0
Kochi,1996,2F3,,,,,0.0
Kochi,1996,2F4,,,,,0.0
Kochi,1996,2F5,,,,,0.0
Kochi,1996,2F6,,,,,0.0
Kochi,1996,2G,,,,,0.0
Kochi,1996,2G1,,,,,0.0
Kochi,1996,2G2,,,,,0.0
Kochi,1996,2G3,,,,,0.0
Kochi,1996,2G4,,,,,0.0
Kochi,1996,2H,,,,,0.0
Kochi,1996,2H1,,,,,0.0
Kochi,1996,2H2,,,,,0.0
Kochi,1996,2H3,,,,,0.0
Kochi,1996,3,,,,,0.0
Kochi,1996,3A,,,,,0.0
Kochi,1996,3A1,,,,,0.0
Kochi,1996,3A2,,,,,0.0
Kochi,1996,3B,,,,,0.0
Kochi,1996,3B1,,,,,0.0
Kochi,1996,3B1A,,,,,0.0
Kochi,1996,3B1B,,,,,0.0
Kochi,1996,3B2,,,,,0.0
Kochi,1996,3B2A,,,,,0.0
Kochi,1996,3B2B,,,,,0.0
Kochi,1996,3B3,,,,,0.0
Kochi,1996,3B3A,,,,,0.0
Kochi,1996,3B3B,,,,,0.0
Kochi,1996,3B4,,,,,0.0
Kochi,1996,3B4A,,,,,0.0
Kochi,1996,3B4B,,,,,0.0
Kochi,1996,3B5,,,,,0.0
Kochi,1996,3B5A,,,,,0.0
Kochi,1996,3B5B,,,,,0.0
Kochi,1996,3B6,,,,,0.0
Kochi,1996,3B6A,,,,,0.0
Kochi,1996,3B6B,,,,,0.0
Kochi,1996,3B6B1,,,,,0.0
Kochi,1996,3B6B2,,,,,0.0
Kochi,1996,3B6B3,,,,,0.0
Kochi,1996,3B6B4,,,,,0.0
Kochi,1996,3B6B5,,,,,0.0
Kochi,1996,3C,,,,,0.0
Kochi,1996,3C1,,,,,0.0
Kochi,1996,3C2,,,,,0.0
Kochi,1996,3C3,,,,,0.0
Kochi,1996,3C4,,,,,0.0
Kochi,1996,3C5,,,,,0.0
Kochi,1996,3C6,,,,,0.0
Kochi,1996,3C7,,,,,0.0
Kochi,1996,3C8,,,,,0.0
Kochi,1996,3D,,,,,0.0
Kochi,1996,3D1,,,,,0.0
Kochi,1996,3D2,,,,,0.0
Kochi,1996,4,,,,,0.0
Kochi,1996,4A,,,,,0.0
Kochi,1996,4A1,,,,,0.0
Kochi,1996,4A2,,,,,0.0
Kochi,1996,4A3,,,,,0.0
Kochi,1996,4B,,,,,0.0
Kochi,1996,4C,,,,,0.0
Kochi,1996,4C1,,,,,0.0
Kochi,1996,4C2,,,,,0.0
Kochi,1996,4D,,,,,0.0
Kochi,1996,4D1,,,,,0.0
Kochi,1996,4D2,,,,,0.0
Kochi,1996,4E,,,,,0.0
Kochi,1996,5,,,,,0.0
Kochi,1996,5A,,,,,0.0
Kochi,1996,5A1,,,,,0.0
Kochi,1996,5A2,,,,,0.0
Kochi,1997,0,,,,,0.0
Kochi,1997,1,,,,,0.0
Kochi,1997,1A,ABFLOW001,Coal,,,0.0
Kochi,1997,1A,ABFLOW001,Natural gas,,,0.0
Kochi,1997,1A,ABFLOW001,Oil,,,0.0
Kochi,1997,1A1,,Coal,,,0.0
Kochi,1997,1A1,,Natural gas,,,0.0
Kochi,1997,1A1,,Oil,,,0.0
Kochi,1997,1A1A,ABFLOW002,Coal,,,0.0
Kochi,1997,1A1A,ABFLOW002,Natural gas,,,0.0
Kochi,1997,1A1A,ABFLOW002,Oil,,,0.0
Kochi,1997,1A1A1,ABFLOW003,Coal,,,0.0
Kochi,1997,1A1A1,ABFLOW003,Natural gas,,,0.0
Kochi,1997,1A1A1,ABFLOW003,Oil,,,0.0
Kochi,1997,1A1A2,ABFLOW004,Coal,,,0.0
Kochi,1997,1A1A2,ABFLOW004,Natural gas,,,0.0
Kochi,1997,1A1A2,ABFLOW004,Oil,,,0.0
Kochi,1997,1A1A3,ABFLOW005,Coal,,,0.0
Kochi,1997,1A1A3,ABFLOW005,Natural gas,,,0.0
Kochi,1997,1A1A3,ABFLOW005,Oil,,,0.0
Kochi,1997,1A1B,ABFLOW011,Coal,,,0.0
Kochi,1997,1A1B,ABFLOW011,Natural gas,,,0.0
Kochi,1997,1A1B,ABFLOW011,Oil,,,0.0
Kochi,1997,1A1C,ABFLOW011,Coal,,,0.0
Kochi,1997,1A1C,ABFLOW011,Natural gas,,,0.0
Kochi,1997,1A1C,ABFLOW011,Oil,,,0.0
Kochi,1997,1A2,ABFLOW012,Coal,,,0.0
Kochi,1997,1A2,ABFLOW012,Natural gas,,,0.0
Kochi,1997,1A2,ABFLOW012,Oil,,,0.0
Kochi,1997,1A2A,ABFLOW016,Coal,,,0.0
Kochi,1997,1A2A,ABFLOW016,Natural gas,,,0.0
Kochi,1997,1A2A,ABFLOW016,Oil,,,0.0
Kochi,1997,1A2B,ABFLOW018,Coal,,,0.0
Kochi,1997,1A2B,ABFLOW018,Natural gas,,,0.0
Kochi,1997,1A2B,ABFLOW018,Oil,,,0.0
Kochi,1997,1A2C,ABFLOW017,Coal,,,0.0
Kochi,1997,1A2C,ABFLOW017,Natural gas,,,0.0
Kochi,1997,1A2C,ABFLOW017,Oil,,,0.0
Kochi,1997,1A2D,ABFLOW023,Coal,,,0.0
Kochi,1997,1A2D,ABFLOW023,Natural gas,,,0.0
Kochi,1997,1A2D,ABFLOW023,Oil,,,0.0
Kochi,1997,1A2E,ABFLOW022,Coal,,,0.0
Kochi,1997,1A2E,ABFLOW022,Natural gas,,,0.0
Kochi,1997,1A2E,ABFLOW022,Oil,,,0.0
Kochi,1997,1A2F,ABFLOW019,Coal,,,0.0
Kochi,1997,1A2F,ABFLOW019,Natural gas,,,0.0
Kochi,1997,1A2F,ABFLOW019,Oil,,,0.0
Kochi,1997,1A2G,ABFLOW020,Coal,,,0.0
Kochi,1997,1A2G,ABFLOW020,Natural gas,,,0.0
Kochi,1997,1A2G,ABFLOW020,Oil,,,0.0
Kochi,1997,1A2H,ABFLOW021,Coal,,,0.0
Kochi,1997,1A2H,ABFLOW021,Natural gas,,,0.0
Kochi,1997,1A2H,ABFLOW021,Oil,,,0.0
Kochi,1997,1A2I,ABFLOW013,Coal,,,0.0
Kochi,1997,1A2I,ABFLOW013,Natural gas,,,0.0
Kochi,1997,1A2I,ABFLOW013,Oil,,,0.0
Kochi,1997,1A2J,ABFLOW024,Coal,,,0.0
Kochi,1997,1A2J,ABFLOW024,Natural gas,,,0.0
Kochi,1997,1A2J,ABFLOW024,Oil,,,0.0
Kochi,1997,1A2K,ABFLOW014,Coal,,,0.0
Kochi,1997,1A2K,ABFLOW014,Natural gas,,,0.0
Kochi,1997,1A2K,ABFLOW014,Oil,,,0.0
Kochi,1997,1A2L,ABFLOW025,Coal,,,0.0
Kochi,1997,1A2L,ABFLOW025,Natural gas,,,0.0
Kochi,1997,1A2L,ABFLOW025,Oil,,,0.0
Kochi,1997,1A2M,ABFLOW026,Coal,,,0.0
Kochi,1997,1A2M,ABFLOW026,Natural gas,,,0.0
Kochi,1997,1A2M,ABFLOW026,Oil,,,0.0
Kochi,1997,1A3,ABFLOW027,Coal,,,0.0
Kochi,1997,1A3,ABFLOW027,Natural gas,,,0.0
Kochi,1997,1A3,ABFLOW027,Oil,,,0.0
Kochi,1997,1A3A,,Coal,,,0.0
Kochi,1997,1A3A,,Natural gas,,,0.0
Kochi,1997,1A3A,,Oil,,,0.0
Kochi,1997,1A3A1,ABFLOW040,Coal,,,0.0
Kochi,1997,1A3A1,ABFLOW040,Natural gas,,,0.0
Kochi,1997,1A3A1,ABFLOW040,Oil,,,0.0
Kochi,1997,1A3A2,ABFLOW029,Coal,,,0.0
Kochi,1997,1A3A2,ABFLOW029,Natural gas,,,0.0
Kochi,1997,1A3A2,ABFLOW029,Oil,,,0.0
Kochi,1997,1A3B,ABFLOW028,Coal,,,0.0
Kochi,1997,1A3B,ABFLOW028,Natural gas,,,0.0
Kochi,1997,1A3B,ABFLOW028,Oil,,,0.0
Kochi,1997,1A3C,ABFLOW030,Coal,,,0.0
Kochi,1997,1A3C,ABFLOW030,Natural gas,,,0.0
Kochi,1997,1A3C,ABFLOW030,Oil,,,0.0
Kochi,1997,1A3D,,Coal,,,0.0
Kochi,1997,1A3D,,Natural gas,,,0.0
Kochi,1997,1A3D,,Oil,,,0.0
Kochi,1997,1A3D1,ABFLOW039,Coal,,,0.0
Kochi,1997,1A3D1,ABFLOW039,Natural gas,,,0.0
Kochi,1997,1A3D1,ABFLOW039,Oil,,,0.0
Kochi,1997,1A3D2,ABFLOW032,Coal,,,0.0
Kochi,1997,1A3D2,ABFLOW032,Natural gas,,,0.0
Kochi,1997,1A3D2,ABFLOW032,Oil,,,0.0
Kochi,1997,1A3E,,Coal,,,0.0
Kochi,1997,1A3E,,Natural gas,,,0.0
Kochi,1997,1A3E,,Oil,,,0.0
Kochi,1997,1A3E1,ABFLOW033,Coal,,,0.0
Kochi,1997,1A3E1,ABFLOW033,Natural gas,,,0.0
Kochi,1997,1A3E1,ABFLOW033,Oil,,,0.0
Kochi,1997,1A4,,Coal,,,0.0
Kochi,1997,1A4,,Natural gas,,,0.0
Kochi,1997,1A4,,Oil,,,0.0
Kochi,1997,1A4A,ABFLOW035,Coal,,,0.0
Kochi,1997,1A4A,ABFLOW035,Natural gas,,,0.0
Kochi,1997,1A4A,ABFLOW035,Oil,,,0.0
Kochi,1997,1A4B,ABFLOW034,Coal,,,0.0
Kochi,1997,1A4B,ABFLOW034,Natural gas,,,0.0
Kochi,1997,1A4B,ABFLOW034,Oil,,,0.0
Kochi,1997,1A4C,,Coal,,,0.0
Kochi,1997,1A4C,,Natural gas,,,0.0
Kochi,1997,1A4C,,Oil,,,0.0
Kochi,1997,1A4C1,ABFLOW036,Coal,,,0.0
Kochi,1997,1A4C1,ABFLOW036,Natural gas,,,0.0
Kochi,1997,1A4C1,ABFLOW036,Oil,,,0.0
Kochi,1997,1A4C2,ABFLOW037,Coal,,,0.0
Kochi,1997,1A4C2,ABFLOW037,Natural gas,,,0.0
Kochi,1997,1A4C2,ABFLOW037,Oil,,,0.0
Kochi,1997,1A4C3,,Coal,,,0.0
Kochi,1997,1A4C3,,Natural gas,,,0.0
Kochi,1997,1A4C3,,Oil,,,0.0
Kochi,1997,1A5,ABFLOW038,Coal,,,0.0
Kochi,1997,1A5,ABFLOW038,Natural gas,,,0.0
Kochi,1997,1A5,ABFLOW038,Oil,,,0.0
Kochi,1997,1A5A,,Coal,,,0.0
Kochi,1997,1A5A,,Natural gas,,,0.0
Kochi,1997,1A5A,,Oil,,,0.0
Kochi,1997,1A5B,,Coal,,,0.0
Kochi,1997,1A5B,,Natural gas,,,0.0
Kochi,1997,1A5B,,Oil,,,0.0
Kochi,1997,1A5C,,Coal,,,0.0
Kochi,1997,1A5C,,Natural gas,,,0.0
Kochi,1997,1A5C,,Oil,,,0.0
Kochi,1997,1B,,,,,0.0
Kochi,1997,1B1,,,,,0.0
Kochi,1997,1B1A,,,,,0.0
Kochi,1997,1B1A1,,,,,0.0
Kochi,1997,1B1A11,,,,,0.0
Kochi,1997,1B1A12,,,,,0.0
Kochi,1997,1B1A13,,,,,0.0
Kochi,1997,1B1A14,,,,,0.0
Kochi,1997,1B1A2,,,,,0.0
Kochi,1997,1B1A21,,,,,0.0
Kochi,1997,1B1A22,,,,,0.0
Kochi,1997,1B1B,,,,,0.0
Kochi,1997,1B2,,,,,0.0
Kochi,1997,1B2A,,,,,0.0
Kochi,1997,1B2A1,,,,,0.0
Kochi,1997,1B2A2,,,,,0.0
Kochi,1997,1B2A3,,,,,0.0
Kochi,1997,1B2A31,,,,,0.0
Kochi,1997,1B2A32,,,,,0.0
Kochi,1997,1B2A33,,,,,0.0
Kochi,1997,1B2A34,,,,,0.0
Kochi,1997,1B2A35,,,,,0.0
Kochi,1997,1B2A36,,,,,0.0
Kochi,1997,1B2B,,,,,0.0
Kochi,1997,1B2B1,,,,,0.0
Kochi,1997,1B2B2,,,,,0.0
Kochi,1997,1B2B3,,,,,0.0
Kochi,1997,1B2B31,,,,,0.0
Kochi,1997,1B2B32,,,,,0.0
Kochi,1997,1B2B33,,,,,0.0
Kochi,1997,1B2B34,,,,,0.0
Kochi,1997,1B2B35,,,,,0.0
Kochi,1997,1B2B36,,,,,0.0
Kochi,1997,1B3,,,,,0.0
Kochi,1997,1C,,,,,0.0
Kochi,1997,1C1,,,,,0.0
Kochi,1997,1C1A,,,,,0.0
Kochi,1997,1C1B,,,,,0.0
Kochi,1997,1C1C,,,,,0.0
Kochi,1997,1C2,,,,,0.0
Kochi,1997,1C2A,,,,,0.0
Kochi,1997,1C2B,,,,,0.0
Kochi,1997,1C3,,,,,0.0
Kochi,1997,2,,,,,0.0
Kochi,1997,20,,,,,0.0
Kochi,1997,200,,,,,0.0
Kochi,1997,2000,,,,,0.0
Kochi,1997,20000,,,,,0.0
Kochi,1997,200000,,,,,0.0
Kochi,1997,2A,,,,,0.0
Kochi,1997,2A1,,,,,0.0
Kochi,1997,2A2,,,,,0.0
Kochi,1997,2A3,,,,,0.0
Kochi,1997,2A4,,,,,0.0
Kochi,1997,2A4A,,,,,0.0
Kochi,1997,2A4B,,,,,0.0
Kochi,1997,2A4C,,,,,0.0
Kochi,1997,2A4D,,,,,0.0
Kochi,1997,2B,,,,,0.0
Kochi,1997,2B1,,,,,0.0
Kochi,1997,2B10,,,,,0.0
Kochi,1997,2B2,,,,,0.0
Kochi,1997,2B3,,,,,0.0
Kochi,1997,2B4,,,,,0.0
Kochi,1997,2B5,,,,,0.0
Kochi,1997,2B6,,,,,0.0
Kochi,1997,2B7,,,,,0.0
Kochi,1997,2B8,,,,,0.0
Kochi,1997,2B8A,,,,,0.0
Kochi,1997,2B8B,,,,,0.0
Kochi,1997,2B8C,,,,,0.0
Kochi,1997,2B8D,,,,,0.0
Kochi,1997,2B8E,,,,,0.0
Kochi,1997,2B8F,,,,,0.0
Kochi,1997,2B9,,,,,0.0
Kochi,1997,2B9A,,,,,0.0
Kochi,1997,2B9B,,,,,0.0
Kochi,1997,2C,,,,,0.0
Kochi,1997,2C1,,,,,0.0
Kochi,1997,2C2,,,,,0.0
Kochi,1997,2C3,,,,,0.0
Kochi,1997,2C4,,,,,0.0
Kochi,1997,2C5,,,,,0.0
Kochi,1997,2C6,,,,,0.0
Kochi,1997,2C7,,,,,0.0
Kochi,1997,2D,,,,,0.0
Kochi,1997,2D1,,,,,0.0
Kochi,1997,2D2,,,,,0.0
Kochi,1997,2D3,,,,,0.0
Kochi,1997,2D4,,,,,0.0
Kochi,1997,2E,,,,,0.0
Kochi,1997,2F,,,,,0.0
Kochi,1997,2F1,,,,,0.0
Kochi,1997,2F2,,,,,0.0
Kochi,1997,2F3,,,,,0.0
Kochi,1997,2F4,,,,,0.0
Kochi,1997,2F5,,,,,0.0
Kochi,1997,2F6,,,,,0.0
Kochi,1997,2G,,,,,0.0
Kochi,1997,2G1,,,,,0.0
Kochi,1997,2G2,,,,,0.0
Kochi,1997,2G3,,,,,0.0
Kochi,1997,2G4,,,,,0.0
Kochi,1997,2H,,,,,0.0
Kochi,1997,2H1,,,,,0.0
Kochi,1997,2H2,,,,,0.0
Kochi,1997,2H3,,,,,0.0
Kochi,1997,3,,,,,0.0
Kochi,1997,3A,,,,,0.0
Kochi,1997,3A1,,,,,0.0
Kochi,1997,3A2,,,,,0.0
Kochi,1997,3B,,,,,0.0
Kochi,1997,3B1,,,,,0.0
Kochi,1997,3B1A,,,,,0.0
Kochi,1997,3B1B,,,,,0.0
Kochi,1997,3B2,,,,,0.0
Kochi,1997,3B2A,,,,,0.0
Kochi,1997,3B2B,,,,,0.0
Kochi,1997,3B3,,,,,0.0
Kochi,1997,3B3A,,,,,0.0
Kochi,1997,3B3B,,,,,0.0
Kochi,1997,3B4,,,,,0.0
Kochi,1997,3B4A,,,,,0.0
Kochi,1997,3B4B,,,,,0.0
Kochi,1997,3B5,,,,,0.0
Kochi,1997,3B5A,,,,,0.0
Kochi,1997,3B5B,,,,,0.0
Kochi,1997,3B6,,,,,0.0
Kochi,1997,3B6A,,,,,0.0
Kochi,1997,3B6B,,,,,0.0
Kochi,1997,3B6B1,,,,,0.0
Kochi,1997,3B6B2,,,,,0.0
Kochi,1997,3B6B3,,,,,0.0
Kochi,1997,3B6B4,,,,,0.0
Kochi,1997,3B6B5,,,,,0.0
Kochi,1997,3C,,,,,0.0
Kochi,1997,3C1,,,,,0.0
Kochi,1997,3C2,,,,,0.0
Kochi,1997,3C3,,,,,0.0
Kochi,1997,3C4,,,,,0.0
Kochi,1997,3C5,,,,,0.0
Kochi,1997,3C6,,,,,0.0
Kochi,1997,3C7,,,,,0.0
Kochi,1997,3C8,,,,,0.0
Kochi,1997,3D,,,,,0.0
Kochi,1997,3D1,,,,,0.0
Kochi,1997,3D2,,,,,0.0
Kochi,1997,4,,,,,0.0
Kochi,1997,4A,,,,,0.0
Kochi,1997,4A1,,,,,0.0
Kochi,1997,4A2,,,,,0.0
Kochi,1997,4A3,,,,,0.0
Kochi,1997,4B,,,,,0.0
Kochi,1997,4C,,,,,0.0
Kochi,1997,4C1,,,,,0.0
Kochi,1997,4C2,,,,,0.0
Kochi,1997,4D,,,,,0.0
Kochi,1997,4D1,,,,,0.0
Kochi,1997,4D2,,,,,0.0
Kochi,1997,4E,,,,,0.0
Kochi,1997,5,,,,,0.0
Kochi,1997,5A,,,,,0.0
Kochi,1997,5A1,,,,,0.0
Kochi,1997,5A2,,,,,0.0
Kochi,1998,0,,,,,0.0
Kochi,1998,1,,,,,0.0
Kochi,1998,1A,ABFLOW001,Coal,,,0.0
Kochi,1998,1A,ABFLOW001,Natural gas,,,0.0
Kochi,1998,1A,ABFLOW001,Oil,,,0.0
Kochi,1998,1A1,,Coal,,,0.0
Kochi,1998,1A1,,Natural gas,,,0.0
Kochi,1998,1A1,,Oil,,,0.0
Kochi,1998,1A1A,ABFLOW002,Coal,,,0.0
Kochi,1998,1A1A,ABFLOW002,Natural gas,,,0.0
Kochi,1998,1A1A,ABFLOW002,Oil,,,0.0
Kochi,1998,1A1A1,ABFLOW003,Coal,,,0.0
Kochi,1998,1A1A1,ABFLOW003,Natural gas,,,0.0
Kochi,1998,1A1A1,ABFLOW003,Oil,,,0.0
Kochi,1998,1A1A2,ABFLOW004,Coal,,,0.0
Kochi,1998,1A1A2,ABFLOW004,Natural gas,,,0.0
Kochi,1998,1A1A2,ABFLOW004,Oil,,,0.0
Kochi,1998,1A1A3,ABFLOW005,Coal,,,0.0
Kochi,1998,1A1A3,ABFLOW005,Natural gas,,,0.0
Kochi,1998,1A1A3,ABFLOW005,Oil,,,0.0
Kochi,1998,1A1B,ABFLOW011,Coal,,,0.0
Kochi,1998,1A1B,ABFLOW011,Natural gas,,,0.0
Kochi,1998,1A1B,ABFLOW011,Oil,,,0.0
Kochi,1998,1A1C,ABFLOW011,Coal,,,0.0
Kochi,1998,1A1C,ABFLOW011,Natural gas,,,0.0
Kochi,1998,1A1C,ABFLOW011,Oil,,,0.0
Kochi,1998,1A2,ABFLOW012,Coal,,,0.0
Kochi,1998,1A2,ABFLOW012,Natural gas,,,0.0
Kochi,1998,1A2,ABFLOW012,Oil,,,0.0
Kochi,1998,1A2A,ABFLOW016,Coal,,,0.0
Kochi,1998,1A2A,ABFLOW016,Natural gas,,,0.0
Kochi,1998,1A2A,ABFLOW016,Oil,,,0.0
Kochi,1998,1A2B,ABFLOW018,Coal,,,0.0
Kochi,1998,1A2B,ABFLOW018,Natural gas,,,0.0
Kochi,1998,1A2B,ABFLOW018,Oil,,,0.0
Kochi,1998,1A2C,ABFLOW017,Coal,,,0.0
Kochi,1998,1A2C,ABFLOW017,Natural gas,,,0.0
Kochi,1998,1A2C,ABFLOW017,Oil,,,0.0
Kochi,1998,1A2D,ABFLOW023,Coal,,,0.0
Kochi,1998,1A2D,ABFLOW023,Natural gas,,,0.0
Kochi,1998,1A2D,ABFLOW023,Oil,,,0.0
Kochi,1998,1A2E,ABFLOW022,Coal,,,0.0
Kochi,1998,1A2E,ABFLOW022,Natural gas,,,0.0
Kochi,1998,1A2E,ABFLOW022,Oil,,,0.0
Kochi,1998,1A2F,ABFLOW019,Coal,,,0.0
Kochi,1998,1A2F,ABFLOW019,Natural gas,,,0.0
Kochi,1998,1A2F,ABFLOW019,Oil,,,0.0
Kochi,1998,1A2G,ABFLOW020,Coal,,,0.0
Kochi,1998,1A2G,ABFLOW020,Natural gas,,,0.0
Kochi,1998,1A2G,ABFLOW020,Oil,,,0.0
Kochi,1998,1A2H,ABFLOW021,Coal,,,0.0
Kochi,1998,1A2H,ABFLOW021,Natural gas,,,0.0
Kochi,1998,1A2H,ABFLOW021,Oil,,,0.0
Kochi,1998,1A2I,ABFLOW013,Coal,,,0.0
Kochi,1998,1A2I,ABFLOW013,Natural gas,,,0.0
Kochi,1998,1A2I,ABFLOW013,Oil,,,0.0
Kochi,1998,1A2J,ABFLOW024,Coal,,,0.0
Kochi,1998,1A2J,ABFLOW024,Natural gas,,,0.0
Kochi,1998,1A2J,ABFLOW024,Oil,,,0.0
Kochi,1998,1A2K,ABFLOW014,Coal,,,0.0
Kochi,1998,1A2K,ABFLOW014,Natural gas,,,0.0
Kochi,1998,1A2K,ABFLOW014,Oil,,,0.0
Kochi,1998,1A2L,ABFLOW025,Coal,,,0.0
Kochi,1998,1A2L,ABFLOW025,Natural gas,,,0.0
Kochi,1998,1A2L,ABFLOW025,Oil,,,0.0
Kochi,1998,1A2M,ABFLOW026,Coal,,,0.0
Kochi,1998,1A2M,ABFLOW026,Natural gas,,,0.0
Kochi,1998,1A2M,ABFLOW026,Oil,,,0.0
Kochi,1998,1A3,ABFLOW027,Coal,,,0.0
Kochi,1998,1A3,ABFLOW027,Natural gas,,,0.0
Kochi,1998,1A3,ABFLOW027,Oil,,,0.0
Kochi,1998,1A3A,,Coal,,,0.0
Kochi,1998,1A3A,,Natural gas,,,0.0
Kochi,1998,1A3A,,Oil,,,0.0
Kochi,1998,1A3A1,ABFLOW040,Coal,,,0.0
Kochi,1998,1A3A1,ABFLOW040,Natural gas,,,0.0
Kochi,1998,1A3A1,ABFLOW040,Oil,,,0.0
Kochi,1998,1A3A2,ABFLOW029,Coal,,,0.0
Kochi,1998,1A3A2,ABFLOW029,Natural gas,,,0.0
Kochi,1998,1A3A2,ABFLOW029,Oil,,,0.0
Kochi,1998,1A3B,ABFLOW028,Coal,,,0.0
Kochi,1998,1A3B,ABFLOW028,Natural gas,,,0.0
Kochi,1998,1A3B,ABFLOW028,Oil,,,0.0
Kochi,1998,1A3C,ABFLOW030,Coal,,,0.0
Kochi,1998,1A3C,ABFLOW030,Natural gas,,,0.0
Kochi,1998,1A3C,ABFLOW030,Oil,,,0.0
Kochi,1998,1A3D,,Coal,,,0.0
Kochi,1998,1A3D,,Natural gas,,,0.0
Kochi,1998,1A3D,,Oil,,,0.0
Kochi,1998,1A3D1,ABFLOW039,Coal,,,0.0
Kochi,1998,1A3D1,ABFLOW039,Natural gas,,,0.0
Kochi,1998,1A3D1,ABFLOW039,Oil,,,0.0
Kochi,1998,1A3D2,ABFLOW032,Coal,,,0.0
Kochi,1998,1A3D2,ABFLOW032,Natural gas,,,0.0
Kochi,1998,1A3D2,ABFLOW032,Oil,,,0.0
Kochi,1998,1A3E,,Coal,,,0.0
Kochi,1998,1A3E,,Natural gas,,,0.0
Kochi,1998,1A3E,,Oil,,,0.0
Kochi,1998,1A3E1,ABFLOW033,Coal,,,0.0
Kochi,1998,1A3E1,ABFLOW033,Natural gas,,,0.0
Kochi,1998,1A3E1,ABFLOW033,Oil,,,0.0
Kochi,1998,1A4,,Coal,,,0.0
Kochi,1998,1A4,,Natural gas,,,0.0
Kochi,1998,1A4,,Oil,,,0.0
Kochi,1998,1A4A,ABFLOW035,Coal,,,0.0
Kochi,1998,1A4A,ABFLOW035,Natural gas,,,0.0
Kochi,1998,1A4A,ABFLOW035,Oil,,,0.0
Kochi,1998,1A4B,ABFLOW034,Coal,,,0.0
Kochi,1998,1A4B,ABFLOW034,Natural gas,,,0.0
Kochi,1998,1A4B,ABFLOW034,Oil,,,0.0
Kochi,1998,1A4C,,Coal,,,0.0
Kochi,1998,1A4C,,Natural gas,,,0.0
Kochi,1998,1A4C,,Oil,,,0.0
Kochi,1998,1A4C1,ABFLOW036,Coal,,,0.0
Kochi,1998,1A4C1,ABFLOW036,Natural gas,,,0.0
Kochi,1998,1A4C1,ABFLOW036,Oil,,,0.0
Kochi,1998,1A4C2,ABFLOW037,Coal,,,0.0
Kochi,1998,1A4C2,ABFLOW037,Natural gas,,,0.0
Kochi,1998,1A4C2,ABFLOW037,Oil,,,0.0
Kochi,1998,1A4C3,,Coal,,,0.0
Kochi,1998,1A4C3,,Natural gas,,,0.0
Kochi,1998,1A4C3,,Oil,,,0.0
Kochi,1998,1A5,ABFLOW038,Coal,,,0.0
Kochi,1998,1A5,ABFLOW038,Natural gas,,,0.0
Kochi,1998,1A5,ABFLOW038,Oil,,,0.0
Kochi,1998,1A5A,,Coal,,,0.0
Kochi,1998,1A5A,,Natural gas,,,0.0
Kochi,1998,1A5A,,Oil,,,0.0
Kochi,1998,1A5B,,Coal,,,0.0
Kochi,1998,1A5B,,Natural gas,,,0.0
Kochi,1998,1A5B,,Oil,,,0.0
Kochi,1998,1A5C,,Coal,,,0.0
Kochi,1998,1A5C,,Natural gas,,,0.0
Kochi,1998,1A5C,,Oil,,,0.0
Kochi,1998,1B,,,,,0.0
Kochi,1998,1B1,,,,,0.0
Kochi,1998,1B1A,,,,,0.0
Kochi,1998,1B1A1,,,,,0.0
Kochi,1998,1B1A11,,,,,0.0
Kochi,1998,1B1A12,,,,,0.0
Kochi,1998,1B1A13,,,,,0.0
Kochi,1998,1B1A14,,,,,0.0
Kochi,1998,1B1A2,,,,,0.0
Kochi,1998,1B1A21,,,,,0.0
Kochi,1998,1B1A22,,,,,0.0
Kochi,1998,1B1B,,,,,0.0
Kochi,1998,1B2,,,,,0.0
Kochi,1998,1B2A,,,,,0.0
Kochi,1998,1B2A1,,,,,0.0
Kochi,1998,1B2A2,,,,,0.0
Kochi,1998,1B2A3,,,,,0.0
Kochi,1998,1B2A31,,,,,0.0
Kochi,1998,1B2A32,,,,,0.0
Kochi,1998,1B2A33,,,,,0.0
Kochi,1998,1B2A34,,,,,0.0
Kochi,1998,1B2A35,,,,,0.0
Kochi,1998,1B2A36,,,,,0.0
Kochi,1998,1B2B,,,,,0.0
Kochi,1998,1B2B1,,,,,0.0
Kochi,1998,1B2B2,,,,,0.0
Kochi,1998,1B2B3,,,,,0.0
Kochi,1998,1B2B31,,,,,0.0
Kochi,1998,1B2B32,,,,,0.0
Kochi,1998,1B2B33,,,,,0.0
Kochi,1998,1B2B34,,,,,0.0
Kochi,1998,1B2B35,,,,,0.0
Kochi,1998,1B2B36,,,,,0.0
Kochi,1998,1B3,,,,,0.0
Kochi,1998,1C,,,,,0.0
Kochi,1998,1C1,,,,,0.0
Kochi,1998,1C1A,,,,,0.0
Kochi,1998,1C1B,,,,,0.0
Kochi,1998,1C1C,,,,,0.0
Kochi,1998,1C2,,,,,0.0
Kochi,1998,1C2A,,,,,0.0
Kochi,1998,1C2B,,,,,0.0
Kochi,1998,1C3,,,,,0.0
Kochi,1998,2,,,,,0.0
Kochi,1998,20,,,,,0.0
Kochi,1998,200,,,,,0.0
Kochi,1998,2000,,,,,0.0
Kochi,1998,20000,,,,,0.0
Kochi,1998,200000,,,,,0.0
Kochi,1998,2A,,,,,0.0
Kochi,1998,2A1,,,,,0.0
Kochi,1998,2A2,,,,,0.0
Kochi,1998,2A3,,,,,0.0
Kochi,1998,2A4,,,,,0.0
Kochi,1998,2A4A,,,,,0.0
Kochi,1998,2A4B,,,,,0.0
Kochi,1998,2A4C,,,,,0.0
Kochi,1998,2A4D,,,,,0.0
Kochi,1998,2B,,,,,0.0
Kochi,1998,2B1,,,,,0.0
Kochi,1998,2B10,,,,,0.0
Kochi,1998,2B2,,,,,0.0
Kochi,1998,2B3,,,,,0.0
Kochi,1998,2B4,,,,,0.0
Kochi,1998,2B5,,,,,0.0
Kochi,1998,2B6,,,,,0.0
Kochi,1998,2B7,,,,,0.0
Kochi,1998,2B8,,,,,0.0
Kochi,1998,2B8A,,,,,0.0
Kochi,1998,2B8B,,,,,0.0
Kochi,1998,2B8C,,,,,0.0
Kochi,1998,2B8D,,,,,0.0
Kochi,1998,2B8E,,,,,0.0
Kochi,1998,2B8F,,,,,0.0
Kochi,1998,2B9,,,,,0.0
Kochi,1998,2B9A,,,,,0.0
Kochi,1998,2B9B,,,,,0.0
Kochi,1998,2C,,,,,0.0
Kochi,1998,2C1,,,,,0.0
Kochi,1998,2C2,,,,,0.0
Kochi,1998,2C3,,,,,0.0
Kochi,1998,2C4,,,,,0.0
Kochi,1998,2C5,,,,,0.0
Kochi,1998,2C6,,,,,0.0
Kochi,1998,2C7,,,,,0.0
Kochi,1998,2D,,,,,0.0
Kochi,1998,2D1,,,,,0.0
Kochi,1998,2D2,,,,,0.0
Kochi,1998,2D3,,,,,0.0
Kochi,1998,2D4,,,,,0.0
Kochi,1998,2E,,,,,0.0
Kochi,1998,2F,,,,,0.0
Kochi,1998,2F1,,,,,0.0
Kochi,1998,2F2,,,,,0.0
Kochi,1998,2F3,,,,,0.0
Kochi,1998,2F4,,,,,0.0
Kochi,1998,2F5,,,,,0.0
Kochi,1998,2F6,,,,,0.0
Kochi,1998,2G,,,,,0.0
Kochi,1998,2G1,,,,,0.0
Kochi,1998,2G2,,,,,0.0
Kochi,1998,2G3,,,,,0.0
Kochi,1998,2G4,,,,,0.0
Kochi,1998,2H,,,,,0.0
Kochi,1998,2H1,,,,,0.0
Kochi,1998,2H2,,,,,0.0
Kochi,1998,2H3,,,,,0.0
Kochi,1998,3,,,,,0.0
Kochi,1998,3A,,,,,0.0
Kochi,1998,3A1,,,,,0.0
Kochi,1998,3A2,,,,,0.0
Kochi,1998,3B,,,,,0.0
Kochi,1998,3B1,,,,,0.0
Kochi,1998,3B1A,,,,,0.0
Kochi,1998,3B1B,,,,,0.0
Kochi,1998,3B2,,,,,0.0
Kochi,1998,3B2A,,,,,0.0
Kochi,1998,3B2B,,,,,0.0
Kochi,1998,3B3,,,,,0.0
Kochi,1998,3B3A,,,,,0.0
Kochi,1998,3B3B,,,,,0.0
Kochi,1998,3B4,,,,,0.0
Kochi,1998,3B4A,,,,,0.0
Kochi,1998,3B4B,,,,,0.0
Kochi,1998,3B5,,,,,0.0
Kochi,1998,3B5A,,,,,0.0
Kochi,1998,3B5B,,,,,0.0
Kochi,1998,3B6,,,,,0.0
Kochi,1998,3B6A,,,,,0.0
Kochi,1998,3B6B,,,,,0.0
Kochi,1998,3B6B1,,,,,0.0
Kochi,1998,3B6B2,,,,,0.0
Kochi,1998,3B6B3,,,,,0.0
Kochi,1998,3B6B4,,,,,0.0
Kochi,1998,3B6B5,,,,,0.0
Kochi,1998,3C,,,,,0.0
Kochi,1998,3C1,,,,,0.0
Kochi,1998,3C2,,,,,0.0
Kochi,1998,3C3,,,,,0.0
Kochi,1998,3C4,,,,,0.0
Kochi,1998,3C5,,,,,0.0
Kochi,1998,3C6,,,,,0.0
Kochi,1998,3C7,,,,,0.0
Kochi,1998,3C8,,,,,0.0
Kochi,1998,3D,,,,,0.0
Kochi,1998,3D1,,,,,0.0
Kochi,1998,3D2,,,,,0.0
Kochi,1998,4,,,,,0.0
Kochi,1998,4A,,,,,0.0
Kochi,1998,4A1,,,,,0.0
Kochi,1998,4A2,,,,,0.0
Kochi,1998,4A3,,,,,0.0
Kochi,1998,4B,,,,,0.0
Kochi,1998,4C,,,,,0.0
Kochi,1998,4C1,,,,,0.0
Kochi,1998,4C2,,,,,0.0
Kochi,1998,4D,,,,,0.0
Kochi,1998,4D1,,,,,0.0
Kochi,1998,4D2,,,,,0.0
Kochi,1998,4E,,,,,0.0
Kochi,1998,5,,,,,0.0
Kochi,1998,5A,,,,,0.0
Kochi,1998,5A1,,,,,0.0
Kochi,1998,5A2,,,,,0.0
Kochi,1999,0,,,,,0.0
Kochi,1999,1,,,,,0.0
Kochi,1999,1A,ABFLOW001,Coal,,,0.0
Kochi,1999,1A,ABFLOW001,Natural gas,,,0.0
Kochi,1999,1A,ABFLOW001,Oil,,,0.0
Kochi,1999,1A1,,Coal,,,0.0
Kochi,1999,1A1,,Natural gas,,,0.0
Kochi,1999,1A1,,Oil,,,0.0
Kochi,1999,1A1A,ABFLOW002,Coal,,,0.0
Kochi,1999,1A1A,ABFLOW002,Natural gas,,,0.0
Kochi,1999,1A1A,ABFLOW002,Oil,,,0.0
Kochi,1999,1A1A1,ABFLOW003,Coal,,,0.0
Kochi,1999,1A1A1,ABFLOW003,Natural gas,,,0.0
Kochi,1999,1A1A1,ABFLOW003,Oil,,,0.0
Kochi,1999,1A1A2,ABFLOW004,Coal,,,0.0
Kochi,1999,1A1A2,ABFLOW004,Natural gas,,,0.0
Kochi,1999,1A1A2,ABFLOW004,Oil,,,0.0
Kochi,1999,1A1A3,ABFLOW005,Coal,,,0.0
Kochi,1999,1A1A3,ABFLOW005,Natural gas,,,0.0
Kochi,1999,1A1A3,ABFLOW005,Oil,,,0.0
Kochi,1999,1A1B,ABFLOW011,Coal,,,0.0
Kochi,1999,1A1B,ABFLOW011,Natural gas,,,0.0
Kochi,1999,1A1B,ABFLOW011,Oil,,,0.0
Kochi,1999,1A1C,ABFLOW011,Coal,,,0.0
Kochi,1999,1A1C,ABFLOW011,Natural gas,,,0.0
Kochi,1999,1A1C,ABFLOW011,Oil,,,0.0
Kochi,1999,1A2,ABFLOW012,Coal,,,0.0
Kochi,1999,1A2,ABFLOW012,Natural gas,,,0.0
Kochi,1999,1A2,ABFLOW012,Oil,,,0.0
Kochi,1999,1A2A,ABFLOW016,Coal,,,0.0
Kochi,1999,1A2A,ABFLOW016,Natural gas,,,0.0
Kochi,1999,1A2A,ABFLOW016,Oil,,,0.0
Kochi,1999,1A2B,ABFLOW018,Coal,,,0.0
Kochi,1999,1A2B,ABFLOW018,Natural gas,,,0.0
Kochi,1999,1A2B,ABFLOW018,Oil,,,0.0
Kochi,1999,1A2C,ABFLOW017,Coal,,,0.0
Kochi,1999,1A2C,ABFLOW017,Natural gas,,,0.0
Kochi,1999,1A2C,ABFLOW017,Oil,,,0.0
Kochi,1999,1A2D,ABFLOW023,Coal,,,0.0
Kochi,1999,1A2D,ABFLOW023,Natural gas,,,0.0
Kochi,1999,1A2D,ABFLOW023,Oil,,,0.0
Kochi,1999,1A2E,ABFLOW022,Coal,,,0.0
Kochi,1999,1A2E,ABFLOW022,Natural gas,,,0.0
Kochi,1999,1A2E,ABFLOW022,Oil,,,0.0
Kochi,1999,1A2F,ABFLOW019,Coal,,,0.0
Kochi,1999,1A2F,ABFLOW019,Natural gas,,,0.0
Kochi,1999,1A2F,ABFLOW019,Oil,,,0.0
Kochi,1999,1A2G,ABFLOW020,Coal,,,0.0
Kochi,1999,1A2G,ABFLOW020,Natural gas,,,0.0
Kochi,1999,1A2G,ABFLOW020,Oil,,,0.0
Kochi,1999,1A2H,ABFLOW021,Coal,,,0.0
Kochi,1999,1A2H,ABFLOW021,Natural gas,,,0.0
Kochi,1999,1A2H,ABFLOW021,Oil,,,0.0
Kochi,1999,1A2I,ABFLOW013,Coal,,,0.0
Kochi,1999,1A2I,ABFLOW013,Natural gas,,,0.0
Kochi,1999,1A2I,ABFLOW013,Oil,,,0.0
Kochi,1999,1A2J,ABFLOW024,Coal,,,0.0
Kochi,1999,1A2J,ABFLOW024,Natural gas,,,0.0
Kochi,1999,1A2J,ABFLOW024,Oil,,,0.0
Kochi,1999,1A2K,ABFLOW014,Coal,,,0.0
Kochi,1999,1A2K,ABFLOW014,Natural gas,,,0.0
Kochi,1999,1A2K,ABFLOW014,Oil,,,0.0
Kochi,1999,1A2L,ABFLOW025,Coal,,,0.0
Kochi,1999,1A2L,ABFLOW025,Natural gas,,,0.0
Kochi,1999,1A2L,ABFLOW025,Oil,,,0.0
Kochi,1999,1A2M,ABFLOW026,Coal,,,0.0
Kochi,1999,1A2M,ABFLOW026,Natural gas,,,0.0
Kochi,1999,1A2M,ABFLOW026,Oil,,,0.0
Kochi,1999,1A3,ABFLOW027,Coal,,,0.0
Kochi,1999,1A3,ABFLOW027,Natural gas,,,0.0
Kochi,1999,1A3,ABFLOW027,Oil,,,0.0
Kochi,1999,1A3A,,Coal,,,0.0
Kochi,1999,1A3A,,Natural gas,,,0.0
Kochi,1999,1A3A,,Oil,,,0.0
Kochi,1999,1A3A1,ABFLOW040,Coal,,,0.0
Kochi,1999,1A3A1,ABFLOW040,Natural gas,,,0.0
Kochi,1999,1A3A1,ABFLOW040,Oil,,,0.0
Kochi,1999,1A3A2,ABFLOW029,Coal,,,0.0
Kochi,1999,1A3A2,ABFLOW029,Natural gas,,,0.0
Kochi,1999,1A3A2,ABFLOW029,Oil,,,0.0
Kochi,1999,1A3B,ABFLOW028,Coal,,,0.0
Kochi,1999,1A3B,ABFLOW028,Natural gas,,,0.0
Kochi,1999,1A3B,ABFLOW028,Oil,,,0.0
Kochi,1999,1A3C,ABFLOW030,Coal,,,0.0
Kochi,1999,1A3C,ABFLOW030,Natural gas,,,0.0
Kochi,1999,1A3C,ABFLOW030,Oil,,,0.0
Kochi,1999,1A3D,,Coal,,,0.0
Kochi,1999,1A3D,,Natural gas,,,0.0
Kochi,1999,1A3D,,Oil,,,0.0
Kochi,1999,1A3D1,ABFLOW039,Coal,,,0.0
Kochi,1999,1A3D1,ABFLOW039,Natural gas,,,0.0
Kochi,1999,1A3D1,ABFLOW039,Oil,,,0.0
Kochi,1999,1A3D2,ABFLOW032,Coal,,,0.0
Kochi,1999,1A3D2,ABFLOW032,Natural gas,,,0.0
Kochi,1999,1A3D2,ABFLOW032,Oil,,,0.0
Kochi,1999,1A3E,,Coal,,,0.0
Kochi,1999,1A3E,,Natural gas,,,0.0
Kochi,1999,1A3E,,Oil,,,0.0
Kochi,1999,1A3E1,ABFLOW033,Coal,,,0.0
Kochi,1999,1A3E1,ABFLOW033,Natural gas,,,0.0
Kochi,1999,1A3E1,ABFLOW033,Oil,,,0.0
Kochi,1999,1A4,,Coal,,,0.0
Kochi,1999,1A4,,Natural gas,,,0.0
Kochi,1999,1A4,,Oil,,,0.0
Kochi,1999,1A4A,ABFLOW035,Coal,,,0.0
Kochi,1999,1A4A,ABFLOW035,Natural gas,,,0.0
Kochi,1999,1A4A,ABFLOW035,Oil,,,0.0
Kochi,1999,1A4B,ABFLOW034,Coal,,,0.0
Kochi,1999,1A4B,ABFLOW034,Natural gas,,,0.0
Kochi,1999,1A4B,ABFLOW034,Oil,,,0.0
Kochi,1999,1A4C,,Coal,,,0.0
Kochi,1999,1A4C,,Natural gas,,,0.0
Kochi,1999,1A4C,,Oil,,,0.0
Kochi,1999,1A4C1,ABFLOW036,Coal,,,0.0
Kochi,1999,1A4C1,ABFLOW036,Natural gas,,,0.0
Kochi,1999,1A4C1,ABFLOW036,Oil,,,0.0
Kochi,1999,1A4C2,ABFLOW037,Coal,,,0.0
Kochi,1999,1A4C2,ABFLOW037,Natural gas,,,0.0
Kochi,1999,1A4C2,ABFLOW037,Oil,,,0.0
Kochi,1999,1A4C3,,Coal,,,0.0
Kochi,1999,1A4C3,,Natural gas,,,0.0
Kochi,1999,1A4C3,,Oil,,,0.0
Kochi,1999,1A5,ABFLOW038,Coal,,,0.0
Kochi,1999,1A5,ABFLOW038,Natural gas,,,0.0
Kochi,1999,1A5,ABFLOW038,Oil,,,0.0
Kochi,1999,1A5A,,Coal,,,0.0
Kochi,1999,1A5A,,Natural gas,,,0.0
Kochi,1999,1A5A,,Oil,,,0.0
Kochi,1999,1A5B,,Coal,,,0.0
Kochi,1999,1A5B,,Natural gas,,,0.0
Kochi,1999,1A5B,,Oil,,,0.0
Kochi,1999,1A5C,,Coal,,,0.0
Kochi,1999,1A5C,,Natural gas,,,0.0
Kochi,1999,1A5C,,Oil,,,0.0
Kochi,1999,1B,,,,,0.0
Kochi,1999,1B1,,,,,0.0
Kochi,1999,1B1A,,,,,0.0
Kochi,1999,1B1A1,,,,,0.0
Kochi,1999,1B1A11,,,,,0.0
Kochi,1999,1B1A12,,,,,0.0
Kochi,1999,1B1A13,,,,,0.0
Kochi,1999,1B1A14,,,,,0.0
Kochi,1999,1B1A2,,,,,0.0
Kochi,1999,1B1A21,,,,,0.0
Kochi,1999,1B1A22,,,,,0.0
Kochi,1999,1B1B,,,,,0.0
Kochi,1999,1B2,,,,,0.0
Kochi,1999,1B2A,,,,,0.0
Kochi,1999,1B2A1,,,,,0.0
Kochi,1999,1B2A2,,,,,0.0
Kochi,1999,1B2A3,,,,,0.0
Kochi,1999,1B2A31,,,,,0.0
Kochi,1999,1B2A32,,,,,0.0
Kochi,1999,1B2A33,,,,,0.0
Kochi,1999,1B2A34,,,,,0.0
Kochi,1999,1B2A35,,,,,0.0
Kochi,1999,1B2A36,,,,,0.0
Kochi,1999,1B2B,,,,,0.0
Kochi,1999,1B2B1,,,,,0.0
Kochi,1999,1B2B2,,,,,0.0
Kochi,1999,1B2B3,,,,,0.0
Kochi,1999,1B2B31,,,,,0.0
Kochi,1999,1B2B32,,,,,0.0
Kochi,1999,1B2B33,,,,,0.0
Kochi,1999,1B2B34,,,,,0.0
Kochi,1999,1B2B35,,,,,0.0
Kochi,1999,1B2B36,,,,,0.0
Kochi,1999,1B3,,,,,0.0
Kochi,1999,1C,,,,,0.0
Kochi,1999,1C1,,,,,0.0
Kochi,1999,1C1A,,,,,0.0
Kochi,1999,1C1B,,,,,0.0
Kochi,1999,1C1C,,,,,0.0
Kochi,1999,1C2,,,,,0.0
Kochi,1999,1C2A,,,,,0.0
Kochi,1999,1C2B,,,,,0.0
Kochi,1999,1C3,,,,,0.0
Kochi,1999,2,,,,,0.0
Kochi,1999,20,,,,,0.0
Kochi,1999,200,,,,,0.0
Kochi,1999,2000,,,,,0.0
Kochi,1999,20000,,,,,0.0
Kochi,1999,200000,,,,,0.0
Kochi,1999,2A,,,,,0.0
Kochi,1999,2A1,,,,,0.0
Kochi,1999,2A2,,,,,0.0
Kochi,1999,2A3,,,,,0.0
Kochi,1999,2A4,,,,,0.0
Kochi,1999,2A4A,,,,,0.0
Kochi,1999,2A4B,,,,,0.0
Kochi,1999,2A4C,,,,,0.0
Kochi,1999,2A4D,,,,,0.0
Kochi,1999,2B,,,,,0.0
Kochi,1999,2B1,,,,,0.0
Kochi,1999,2B10,,,,,0.0
Kochi,1999,2B2,,,,,0.0
Kochi,1999,2B3,,,,,0.0
Kochi,1999,2B4,,,,,0.0
Kochi,1999,2B5,,,,,0.0
Kochi,1999,2B6,,,,,0.0
Kochi,1999,2B7,,,,,0.0
Kochi,1999,2B8,,,,,0.0
Kochi,1999,2B8A,,,,,0.0
Kochi,1999,2B8B,,,,,0.0
Kochi,1999,2B8C,,,,,0.0
Kochi,1999,2B8D,,,,,0.0
Kochi,1999,2B8E,,,,,0.0
Kochi,1999,2B8F,,,,,0.0
Kochi,1999,2B9,,,,,0.0
Kochi,1999,2B9A,,,,,0.0
Kochi,1999,2B9B,,,,,0.0
Kochi,1999,2C,,,,,0.0
Kochi,1999,2C1,,,,,0.0
Kochi,1999,2C2,,,,,0.0
Kochi,1999,2C3,,,,,0.0
Kochi,1999,2C4,,,,,0.0
Kochi,1999,2C5,,,,,0.0
Kochi,1999,2C6,,,,,0.0
Kochi,1999,2C7,,,,,0.0
Kochi,1999,2D,,,,,0.0
Kochi,1999,2D1,,,,,0.0
Kochi,1999,2D2,,,,,0.0
Kochi,1999,2D3,,,,,0.0
Kochi,1999,2D4,,,,,0.0
Kochi,1999,2E,,,,,0.0
Kochi,1999,2F,,,,,0.0
Kochi,1999,2F1,,,,,0.0
Kochi,1999,2F2,,,,,0.0
Kochi,1999,2F3,,,,,0.0
Kochi,1999,2F4,,,,,0.0
Kochi,1999,2F5,,,,,0.0
Kochi,1999,2F6,,,,,0.0
Kochi,1999,2G,,,,,0.0
Kochi,1999,2G1,,,,,0.0
Kochi,1999,2G2,,,,,0.0
Kochi,1999,2G3,,,,,0.0
Kochi,1999,2G4,,,,,0.0
Kochi,1999,2H,,,,,0.0
Kochi,1999,2H1,,,,,0.0
Kochi,1999,2H2,,,,,0.0
Kochi,1999,2H3,,,,,0.0
Kochi,1999,3,,,,,0.0
Kochi,1999,3A,,,,,0.0
Kochi,1999,3A1,,,,,0.0
Kochi,1999,3A2,,,,,0.0
Kochi,1999,3B,,,,,0.0
Kochi,1999,3B1,,,,,0.0
Kochi,1999,3B1A,,,,,0.0
Kochi,1999,3B1B,,,,,0.0
Kochi,1999,3B2,,,,,0.0
Kochi,1999,3B2A,,,,,0.0
Kochi,1999,3B2B,,,,,0.0
Kochi,1999,3B3,,,,,0.0
Kochi,1999,3B3A,,,,,0.0
Kochi,1999,3B3B,,,,,0.0
Kochi,1999,3B4,,,,,0.0
Kochi,1999,3B4A,,,,,0.0
Kochi,1999,3B4B,,,,,0.0
Kochi,1999,3B5,,,,,0.0
Kochi,1999,3B5A,,,,,0.0
Kochi,1999,3B5B,,,,,0.0
Kochi,1999,3B6,,,,,0.0
Kochi,1999,3B6A,,,,,0.0
Kochi,1999,3B6B,,,,,0.0
Kochi,1999,3B6B1,,,,,0.0
Kochi,1999,3B6B2,,,,,0.0
Kochi,1999,3B6B3,,,,,0.0
Kochi,1999,3B6B4,,,,,0.0
Kochi,1999,3B6B5,,,,,0.0
Kochi,1999,3C,,,,,0.0
Kochi,1999,3C1,,,,,0.0
Kochi,1999,3C2,,,,,0.0
Kochi,1999,3C3,,,,,0.0
Kochi,1999,3C4,,,,,0.0
Kochi,1999,3C5,,,,,0.0
Kochi,1999,3C6,,,,,0.0
Kochi,1999,3C7,,,,,0.0
Kochi,1999,3C8,,,,,0.0
Kochi,1999,3D,,,,,0.0
Kochi,1999,3D1,,,,,0.0
Kochi,1999,3D2,,,,,0.0
Kochi,1999,4,,,,,0.0
Kochi,1999,4A,,,,,0.0
Kochi,1999,4A1,,,,,0.0
Kochi,1999,4A2,,,,,0.0
Kochi,1999,4A3,,,,,0.0
Kochi,1999,4B,,,,,0.0
Kochi,1999,4C,,,,,0.0
Kochi,1999,4C1,,,,,0.0
Kochi,1999,4C2,,,,,0.0
Kochi,1999,4D,,,,,0.0
Kochi,1999,4D1,,,,,0.0
Kochi,1999,4D2,,,,,0.0
Kochi,1999,4E,,,,,0.0
Kochi,1999,5,,,,,0.0
Kochi,1999,5A,,,,,0.0
Kochi,1999,5A1,,,,,0.0
Kochi,1999,5A2,,,,,0.0
Kochi,2000,0,,,,,0.0
Kochi,2000,1,,,,,0.0
Kochi,2000,1A,ABFLOW001,Coal,,,0.0
Kochi,2000,1A,ABFLOW001,Natural gas,,,0.0
Kochi,2000,1A,ABFLOW001,Oil,,,0.0
Kochi,2000,1A1,,Coal,,,0.0
Kochi,2000,1A1,,Natural gas,,,0.0
Kochi,2000,1A1,,Oil,,,0.0
Kochi,2000,1A1A,ABFLOW002,Coal,,,0.0
Kochi,2000,1A1A,ABFLOW002,Natural gas,,,0.0
Kochi,2000,1A1A,ABFLOW002,Oil,,,0.0
Kochi,2000,1A1A1,ABFLOW003,Coal,,,0.0
Kochi,2000,1A1A1,ABFLOW003,Natural gas,,,0.0
Kochi,2000,1A1A1,ABFLOW003,Oil,,,0.0
Kochi,2000,1A1A2,ABFLOW004,Coal,,,0.0
Kochi,2000,1A1A2,ABFLOW004,Natural gas,,,0.0
Kochi,2000,1A1A2,ABFLOW004,Oil,,,0.0
Kochi,2000,1A1A3,ABFLOW005,Coal,,,0.0
Kochi,2000,1A1A3,ABFLOW005,Natural gas,,,0.0
Kochi,2000,1A1A3,ABFLOW005,Oil,,,0.0
Kochi,2000,1A1B,ABFLOW011,Coal,,,0.0
Kochi,2000,1A1B,ABFLOW011,Natural gas,,,0.0
Kochi,2000,1A1B,ABFLOW011,Oil,,,0.0
Kochi,2000,1A1C,ABFLOW011,Coal,,,0.0
Kochi,2000,1A1C,ABFLOW011,Natural gas,,,0.0
Kochi,2000,1A1C,ABFLOW011,Oil,,,0.0
Kochi,2000,1A2,ABFLOW012,Coal,,,0.0
Kochi,2000,1A2,ABFLOW012,Natural gas,,,0.0
Kochi,2000,1A2,ABFLOW012,Oil,,,0.0
Kochi,2000,1A2A,ABFLOW016,Coal,,,0.0
Kochi,2000,1A2A,ABFLOW016,Natural gas,,,0.0
Kochi,2000,1A2A,ABFLOW016,Oil,,,0.0
Kochi,2000,1A2B,ABFLOW018,Coal,,,0.0
Kochi,2000,1A2B,ABFLOW018,Natural gas,,,0.0
Kochi,2000,1A2B,ABFLOW018,Oil,,,0.0
Kochi,2000,1A2C,ABFLOW017,Coal,,,0.0
Kochi,2000,1A2C,ABFLOW017,Natural gas,,,0.0
Kochi,2000,1A2C,ABFLOW017,Oil,,,0.0
Kochi,2000,1A2D,ABFLOW023,Coal,,,0.0
Kochi,2000,1A2D,ABFLOW023,Natural gas,,,0.0
Kochi,2000,1A2D,ABFLOW023,Oil,,,0.0
Kochi,2000,1A2E,ABFLOW022,Coal,,,0.0
Kochi,2000,1A2E,ABFLOW022,Natural gas,,,0.0
Kochi,2000,1A2E,ABFLOW022,Oil,,,0.0
Kochi,2000,1A2F,ABFLOW019,Coal,,,0.0
Kochi,2000,1A2F,ABFLOW019,Natural gas,,,0.0
Kochi,2000,1A2F,ABFLOW019,Oil,,,0.0
Kochi,2000,1A2G,ABFLOW020,Coal,,,0.0
Kochi,2000,1A2G,ABFLOW020,Natural gas,,,0.0
Kochi,2000,1A2G,ABFLOW020,Oil,,,0.0
Kochi,2000,1A2H,ABFLOW021,Coal,,,0.0
Kochi,2000,1A2H,ABFLOW021,Natural gas,,,0.0
Kochi,2000,1A2H,ABFLOW021,Oil,,,0.0
Kochi,2000,1A2I,ABFLOW013,Coal,,,0.0
Kochi,2000,1A2I,ABFLOW013,Natural gas,,,0.0
Kochi,2000,1A2I,ABFLOW013,Oil,,,0.0
Kochi,2000,1A2J,ABFLOW024,Coal,,,0.0
Kochi,2000,1A2J,ABFLOW024,Natural gas,,,0.0
Kochi,2000,1A2J,ABFLOW024,Oil,,,0.0
Kochi,2000,1A2K,ABFLOW014,Coal,,,0.0
Kochi,2000,1A2K,ABFLOW014,Natural gas,,,0.0
Kochi,2000,1A2K,ABFLOW014,Oil,,,0.0
Kochi,2000,1A2L,ABFLOW025,Coal,,,0.0
Kochi,2000,1A2L,ABFLOW025,Natural gas,,,0.0
Kochi,2000,1A2L,ABFLOW025,Oil,,,0.0
Kochi,2000,1A2M,ABFLOW026,Coal,,,0.0
Kochi,2000,1A2M,ABFLOW026,Natural gas,,,0.0
Kochi,2000,1A2M,ABFLOW026,Oil,,,0.0
Kochi,2000,1A3,ABFLOW027,Coal,,,0.0
Kochi,2000,1A3,ABFLOW027,Natural gas,,,0.0
Kochi,2000,1A3,ABFLOW027,Oil,,,0.0
Kochi,2000,1A3A,,Coal,,,0.0
Kochi,2000,1A3A,,Natural gas,,,0.0
Kochi,2000,1A3A,,Oil,,,0.0
Kochi,2000,1A3A1,ABFLOW040,Coal,,,0.0
Kochi,2000,1A3A1,ABFLOW040,Natural gas,,,0.0
Kochi,2000,1A3A1,ABFLOW040,Oil,,,0.0
Kochi,2000,1A3A2,ABFLOW029,Coal,,,0.0
Kochi,2000,1A3A2,ABFLOW029,Natural gas,,,0.0
Kochi,2000,1A3A2,ABFLOW029,Oil,,,0.0
Kochi,2000,1A3B,ABFLOW028,Coal,,,0.0
Kochi,2000,1A3B,ABFLOW028,Natural gas,,,0.0
Kochi,2000,1A3B,ABFLOW028,Oil,,,0.0
Kochi,2000,1A3C,ABFLOW030,Coal,,,0.0
Kochi,2000,1A3C,ABFLOW030,Natural gas,,,0.0
Kochi,2000,1A3C,ABFLOW030,Oil,,,0.0
Kochi,2000,1A3D,,Coal,,,0.0
Kochi,2000,1A3D,,Natural gas,,,0.0
Kochi,2000,1A3D,,Oil,,,0.0
Kochi,2000,1A3D1,ABFLOW039,Coal,,,0.0
Kochi,2000,1A3D1,ABFLOW039,Natural gas,,,0.0
Kochi,2000,1A3D1,ABFLOW039,Oil,,,0.0
Kochi,2000,1A3D2,ABFLOW032,Coal,,,0.0
Kochi,2000,1A3D2,ABFLOW032,Natural gas,,,0.0
Kochi,2000,1A3D2,ABFLOW032,Oil,,,0.0
Kochi,2000,1A3E,,Coal,,,0.0
Kochi,2000,1A3E,,Natural gas,,,0.0
Kochi,2000,1A3E,,Oil,,,0.0
Kochi,2000,1A3E1,ABFLOW033,Coal,,,0.0
Kochi,2000,1A3E1,ABFLOW033,Natural gas,,,0.0
Kochi,2000,1A3E1,ABFLOW033,Oil,,,0.0
Kochi,2000,1A4,,Coal,,,0.0
Kochi,2000,1A4,,Natural gas,,,0.0
Kochi,2000,1A4,,Oil,,,0.0
Kochi,2000,1A4A,ABFLOW035,Coal,,,0.0
Kochi,2000,1A4A,ABFLOW035,Natural gas,,,0.0
Kochi,2000,1A4A,ABFLOW035,Oil,,,0.0
Kochi,2000,1A4B,ABFLOW034,Coal,,,0.0
Kochi,2000,1A4B,ABFLOW034,Natural gas,,,0.0
Kochi,2000,1A4B,ABFLOW034,Oil,,,0.0
Kochi,2000,1A4C,,Coal,,,0.0
Kochi,2000,1A4C,,Natural gas,,,0.0
Kochi,2000,1A4C,,Oil,,,0.0
Kochi,2000,1A4C1,ABFLOW036,Coal,,,0.0
Kochi,2000,1A4C1,ABFLOW036,Natural gas,,,0.0
Kochi,2000,1A4C1,ABFLOW036,Oil,,,0.0
Kochi,2000,1A4C2,ABFLOW037,Coal,,,0.0
Kochi,2000,1A4C2,ABFLOW037,Natural gas,,,0.0
Kochi,2000,1A4C2,ABFLOW037,Oil,,,0.0
Kochi,2000,1A4C3,,Coal,,,0.0
Kochi,2000,1A4C3,,Natural gas,,,0.0
Kochi,2000,1A4C3,,Oil,,,0.0
Kochi,2000,1A5,ABFLOW038,Coal,,,0.0
Kochi,2000,1A5,ABFLOW038,Natural gas,,,0.0
Kochi,2000,1A5,ABFLOW038,Oil,,,0.0
Kochi,2000,1A5A,,Coal,,,0.0
Kochi,2000,1A5A,,Natural gas,,,0.0
Kochi,2000,1A5A,,Oil,,,0.0
Kochi,2000,1A5B,,Coal,,,0.0
Kochi,2000,1A5B,,Natural gas,,,0.0
Kochi,2000,1A5B,,Oil,,,0.0
Kochi,2000,1A5C,,Coal,,,0.0
Kochi,2000,1A5C,,Natural gas,,,0.0
Kochi,2000,1A5C,,Oil,,,0.0
Kochi,2000,1B,,,,,0.0
Kochi,2000,1B1,,,,,0.0
Kochi,2000,1B1A,,,,,0.0
Kochi,2000,1B1A1,,,,,0.0
Kochi,2000,1B1A11,,,,,0.0
Kochi,2000,1B1A12,,,,,0.0
Kochi,2000,1B1A13,,,,,0.0
Kochi,2000,1B1A14,,,,,0.0
Kochi,2000,1B1A2,,,,,0.0
Kochi,2000,1B1A21,,,,,0.0
Kochi,2000,1B1A22,,,,,0.0
Kochi,2000,1B1B,,,,,0.0
Kochi,2000,1B2,,,,,0.0
Kochi,2000,1B2A,,,,,0.0
Kochi,2000,1B2A1,,,,,0.0
Kochi,2000,1B2A2,,,,,0.0
Kochi,2000,1B2A3,,,,,0.0
Kochi,2000,1B2A31,,,,,0.0
Kochi,2000,1B2A32,,,,,0.0
Kochi,2000,1B2A33,,,,,0.0
Kochi,2000,1B2A34,,,,,0.0
Kochi,2000,1B2A35,,,,,0.0
Kochi,2000,1B2A36,,,,,0.0
Kochi,2000,1B2B,,,,,0.0
Kochi,2000,1B2B1,,,,,0.0
Kochi,2000,1B2B2,,,,,0.0
Kochi,2000,1B2B3,,,,,0.0
Kochi,2000,1B2B31,,,,,0.0
Kochi,2000,1B2B32,,,,,0.0
Kochi,2000,1B2B33,,,,,0.0
Kochi,2000,1B2B34,,,,,0.0
Kochi,2000,1B2B35,,,,,0.0
Kochi,2000,1B2B36,,,,,0.0
Kochi,2000,1B3,,,,,0.0
Kochi,2000,1C,,,,,0.0
Kochi,2000,1C1,,,,,0.0
Kochi,2000,1C1A,,,,,0.0
Kochi,2000,1C1B,,,,,0.0
Kochi,2000,1C1C,,,,,0.0
Kochi,2000,1C2,,,,,0.0
Kochi,2000,1C2A,,,,,0.0
Kochi,2000,1C2B,,,,,0.0
Kochi,2000,1C3,,,,,0.0
Kochi,2000,2,,,,,0.0
Kochi,2000,20,,,,,0.0
Kochi,2000,200,,,,,0.0
Kochi,2000,2000,,,,,0.0
Kochi,2000,20000,,,,,0.0
Kochi,2000,200000,,,,,0.0
Kochi,2000,2A,,,,,0.0
Kochi,2000,2A1,,,,,0.0
Kochi,2000,2A2,,,,,0.0
Kochi,2000,2A3,,,,,0.0
Kochi,2000,2A4,,,,,0.0
Kochi,2000,2A4A,,,,,0.0
Kochi,2000,2A4B,,,,,0.0
Kochi,2000,2A4C,,,,,0.0
Kochi,2000,2A4D,,,,,0.0
Kochi,2000,2B,,,,,0.0
Kochi,2000,2B1,,,,,0.0
Kochi,2000,2B10,,,,,0.0
Kochi,2000,2B2,,,,,0.0
Kochi,2000,2B3,,,,,0.0
Kochi,2000,2B4,,,,,0.0
Kochi,2000,2B5,,,,,0.0
Kochi,2000,2B6,,,,,0.0
Kochi,2000,2B7,,,,,0.0
Kochi,2000,2B8,,,,,0.0
Kochi,2000,2B8A,,,,,0.0
Kochi,2000,2B8B,,,,,0.0
Kochi,2000,2B8C,,,,,0.0
Kochi,2000,2B8D,,,,,0.0
Kochi,2000,2B8E,,,,,0.0
Kochi,2000,2B8F,,,,,0.0
Kochi,2000,2B9,,,,,0.0
Kochi,2000,2B9A,,,,,0.0
Kochi,2000,2B9B,,,,,0.0
Kochi,2000,2C,,,,,0.0
Kochi,2000,2C1,,,,,0.0
Kochi,2000,2C2,,,,,0.0
Kochi,2000,2C3,,,,,0.0
Kochi,2000,2C4,,,,,0.0
Kochi,2000,2C5,,,,,0.0
Kochi,2000,2C6,,,,,0.0
Kochi,2000,2C7,,,,,0.0
Kochi,2000,2D,,,,,0.0
Kochi,2000,2D1,,,,,0.0
Kochi,2000,2D2,,,,,0.0
Kochi,2000,2D3,,,,,0.0
Kochi,2000,2D4,,,,,0.0
Kochi,2000,2E,,,,,0.0
Kochi,2000,2F,,,,,0.0
Kochi,2000,2F1,,,,,0.0
Kochi,2000,2F2,,,,,0.0
Kochi,2000,2F3,,,,,0.0
Kochi,2000,2F4,,,,,0.0
Kochi,2000,2F5,,,,,0.0
Kochi,2000,2F6,,,,,0.0
Kochi,2000,2G,,,,,0.0
Kochi,2000,2G1,,,,,0.0
Kochi,2000,2G2,,,,,0.0
Kochi,2000,2G3,,,,,0.0
Kochi,2000,2G4,,,,,0.0
Kochi,2000,2H,,,,,0.0
Kochi,2000,2H1,,,,,0.0
Kochi,2000,2H2,,,,,0.0
Kochi,2000,2H3,,,,,0.0
Kochi,2000,3,,,,,0.0
Kochi,2000,3A,,,,,0.0
Kochi,2000,3A1,,,,,0.0
Kochi,2000,3A2,,,,,0.0
Kochi,2000,3B,,,,,0.0
Kochi,2000,3B1,,,,,0.0
Kochi,2000,3B1A,,,,,0.0
Kochi,2000,3B1B,,,,,0.0
Kochi,2000,3B2,,,,,0.0
Kochi,2000,3B2A,,,,,0.0
Kochi,2000,3B2B,,,,,0.0
Kochi,2000,3B3,,,,,0.0
Kochi,2000,3B3A,,,,,0.0
Kochi,2000,3B3B,,,,,0.0
Kochi,2000,3B4,,,,,0.0
Kochi,2000,3B4A,,,,,0.0
Kochi,2000,3B4B,,,,,0.0
Kochi,2000,3B5,,,,,0.0
Kochi,2000,3B5A,,,,,0.0
Kochi,2000,3B5B,,,,,0.0
Kochi,2000,3B6,,,,,0.0
Kochi,2000,3B6A,,,,,0.0
Kochi,2000,3B6B,,,,,0.0
Kochi,2000,3B6B1,,,,,0.0
Kochi,2000,3B6B2,,,,,0.0
Kochi,2000,3B6B3,,,,,0.0
Kochi,2000,3B6B4,,,,,0.0
Kochi,2000,3B6B5,,,,,0.0
Kochi,2000,3C,,,,,0.0
Kochi,2000,3C1,,,,,0.0
Kochi,2000,3C2,,,,,0.0
Kochi,2000,3C3,,,,,0.0
Kochi,2000,3C4,,,,,0.0
Kochi,2000,3C5,,,,,0.0
Kochi,2000,3C6,,,,,0.0
Kochi,2000,3C7,,,,,0.0
Kochi,2000,3C8,,,,,0.0
Kochi,2000,3D,,,,,0.0
Kochi,2000,3D1,,,,,0.0
Kochi,2000,3D2,,,,,0.0
Kochi,2000,4,,,,,0.0
Kochi,2000,4A,,,,,0.0
Kochi,2000,4A1,,,,,0.0
Kochi,2000,4A2,,,,,0.0
Kochi,2000,4A3,,,,,0.0
Kochi,2000,4B,,,,,0.0
Kochi,2000,4C,,,,,0.0
Kochi,2000,4C1,,,,,0.0
Kochi,2000,4C2,,,,,0.0
Kochi,2000,4D,,,,,0.0
Kochi,2000,4D1,,,,,0.0
Kochi,2000,4D2,,,,,0.0
Kochi,2000,4E,,,,,0.0
Kochi,2000,5,,,,,0.0
Kochi,2000,5A,,,,,0.0
Kochi,2000,5A1,,,,,0.0
Kochi,2000,5A2,,,,,0.0
Kochi,2001,0,,,,,0.0
Kochi,2001,1,,,,,0.0
Kochi,2001,1A,ABFLOW001,Coal,,,0.0
Kochi,2001,1A,ABFLOW001,Natural gas,,,0.0
Kochi,2001,1A,ABFLOW001,Oil,,,0.0
Kochi,2001,1A1,,Coal,,,0.0
Kochi,2001,1A1,,Natural gas,,,0.0
Kochi,2001,1A1,,Oil,,,0.0
Kochi,2001,1A1A,ABFLOW002,Coal,,,0.0
Kochi,2001,1A1A,ABFLOW002,Natural gas,,,0.0
Kochi,2001,1A1A,ABFLOW002,Oil,,,0.0
Kochi,2001,1A1A1,ABFLOW003,Coal,,,0.0
Kochi,2001,1A1A1,ABFLOW003,Natural gas,,,0.0
Kochi,2001,1A1A1,ABFLOW003,Oil,,,0.0
Kochi,2001,1A1A2,ABFLOW004,Coal,,,0.0
Kochi,2001,1A1A2,ABFLOW004,Natural gas,,,0.0
Kochi,2001,1A1A2,ABFLOW004,Oil,,,0.0
Kochi,2001,1A1A3,ABFLOW005,Coal,,,0.0
Kochi,2001,1A1A3,ABFLOW005,Natural gas,,,0.0
Kochi,2001,1A1A3,ABFLOW005,Oil,,,0.0
Kochi,2001,1A1B,ABFLOW011,Coal,,,0.0
Kochi,2001,1A1B,ABFLOW011,Natural gas,,,0.0
Kochi,2001,1A1B,ABFLOW011,Oil,,,0.0
Kochi,2001,1A1C,ABFLOW011,Coal,,,0.0
Kochi,2001,1A1C,ABFLOW011,Natural gas,,,0.0
Kochi,2001,1A1C,ABFLOW011,Oil,,,0.0
Kochi,2001,1A2,ABFLOW012,Coal,,,0.0
Kochi,2001,1A2,ABFLOW012,Natural gas,,,0.0
Kochi,2001,1A2,ABFLOW012,Oil,,,0.0
Kochi,2001,1A2A,ABFLOW016,Coal,,,0.0
Kochi,2001,1A2A,ABFLOW016,Natural gas,,,0.0
Kochi,2001,1A2A,ABFLOW016,Oil,,,0.0
Kochi,2001,1A2B,ABFLOW018,Coal,,,0.0
Kochi,2001,1A2B,ABFLOW018,Natural gas,,,0.0
Kochi,2001,1A2B,ABFLOW018,Oil,,,0.0
Kochi,2001,1A2C,ABFLOW017,Coal,,,0.0
Kochi,2001,1A2C,ABFLOW017,Natural gas,,,0.0
Kochi,2001,1A2C,ABFLOW017,Oil,,,0.0
Kochi,2001,1A2D,ABFLOW023,Coal,,,0.0
Kochi,2001,1A2D,ABFLOW023,Natural gas,,,0.0
Kochi,2001,1A2D,ABFLOW023,Oil,,,0.0
Kochi,2001,1A2E,ABFLOW022,Coal,,,0.0
Kochi,2001,1A2E,ABFLOW022,Natural gas,,,0.0
Kochi,2001,1A2E,ABFLOW022,Oil,,,0.0
Kochi,2001,1A2F,ABFLOW019,Coal,,,0.0
Kochi,2001,1A2F,ABFLOW019,Natural gas,,,0.0
Kochi,2001,1A2F,ABFLOW019,Oil,,,0.0
Kochi,2001,1A2G,ABFLOW020,Coal,,,0.0
Kochi,2001,1A2G,ABFLOW020,Natural gas,,,0.0
Kochi,2001,1A2G,ABFLOW020,Oil,,,0.0
Kochi,2001,1A2H,ABFLOW021,Coal,,,0.0
Kochi,2001,1A2H,ABFLOW021,Natural gas,,,0.0
Kochi,2001,1A2H,ABFLOW021,Oil,,,0.0
Kochi,2001,1A2I,ABFLOW013,Coal,,,0.0
Kochi,2001,1A2I,ABFLOW013,Natural gas,,,0.0
Kochi,2001,1A2I,ABFLOW013,Oil,,,0.0
Kochi,2001,1A2J,ABFLOW024,Coal,,,0.0
Kochi,2001,1A2J,ABFLOW024,Natural gas,,,0.0
Kochi,2001,1A2J,ABFLOW024,Oil,,,0.0
Kochi,2001,1A2K,ABFLOW014,Coal,,,0.0
Kochi,2001,1A2K,ABFLOW014,Natural gas,,,0.0
Kochi,2001,1A2K,ABFLOW014,Oil,,,0.0
Kochi,2001,1A2L,ABFLOW025,Coal,,,0.0
Kochi,2001,1A2L,ABFLOW025,Natural gas,,,0.0
Kochi,2001,1A2L,ABFLOW025,Oil,,,0.0
Kochi,2001,1A2M,ABFLOW026,Coal,,,0.0
Kochi,2001,1A2M,ABFLOW026,Natural gas,,,0.0
Kochi,2001,1A2M,ABFLOW026,Oil,,,0.0
Kochi,2001,1A3,ABFLOW027,Coal,,,0.0
Kochi,2001,1A3,ABFLOW027,Natural gas,,,0.0
Kochi,2001,1A3,ABFLOW027,Oil,,,0.0
Kochi,2001,1A3A,,Coal,,,0.0
Kochi,2001,1A3A,,Natural gas,,,0.0
Kochi,2001,1A3A,,Oil,,,0.0
Kochi,2001,1A3A1,ABFLOW040,Coal,,,0.0
Kochi,2001,1A3A1,ABFLOW040,Natural gas,,,0.0
Kochi,2001,1A3A1,ABFLOW040,Oil,,,0.0
Kochi,2001,1A3A2,ABFLOW029,Coal,,,0.0
Kochi,2001,1A3A2,ABFLOW029,Natural gas,,,0.0
Kochi,2001,1A3A2,ABFLOW029,Oil,,,0.0
Kochi,2001,1A3B,ABFLOW028,Coal,,,0.0
Kochi,2001,1A3B,ABFLOW028,Natural gas,,,0.0
Kochi,2001,1A3B,ABFLOW028,Oil,,,0.0
Kochi,2001,1A3C,ABFLOW030,Coal,,,0.0
Kochi,2001,1A3C,ABFLOW030,Natural gas,,,0.0
Kochi,2001,1A3C,ABFLOW030,Oil,,,0.0
Kochi,2001,1A3D,,Coal,,,0.0
Kochi,2001,1A3D,,Natural gas,,,0.0
Kochi,2001,1A3D,,Oil,,,0.0
Kochi,2001,1A3D1,ABFLOW039,Coal,,,0.0
Kochi,2001,1A3D1,ABFLOW039,Natural gas,,,0.0
Kochi,2001,1A3D1,ABFLOW039,Oil,,,0.0
Kochi,2001,1A3D2,ABFLOW032,Coal,,,0.0
Kochi,2001,1A3D2,ABFLOW032,Natural gas,,,0.0
Kochi,2001,1A3D2,ABFLOW032,Oil,,,0.0
Kochi,2001,1A3E,,Coal,,,0.0
Kochi,2001,1A3E,,Natural gas,,,0.0
Kochi,2001,1A3E,,Oil,,,0.0
Kochi,2001,1A3E1,ABFLOW033,Coal,,,0.0
Kochi,2001,1A3E1,ABFLOW033,Natural gas,,,0.0
Kochi,2001,1A3E1,ABFLOW033,Oil,,,0.0
Kochi,2001,1A4,,Coal,,,0.0
Kochi,2001,1A4,,Natural gas,,,0.0
Kochi,2001,1A4,,Oil,,,0.0
Kochi,2001,1A4A,ABFLOW035,Coal,,,0.0
Kochi,2001,1A4A,ABFLOW035,Natural gas,,,0.0
Kochi,2001,1A4A,ABFLOW035,Oil,,,0.0
Kochi,2001,1A4B,ABFLOW034,Coal,,,0.0
Kochi,2001,1A4B,ABFLOW034,Natural gas,,,0.0
Kochi,2001,1A4B,ABFLOW034,Oil,,,0.0
Kochi,2001,1A4C,,Coal,,,0.0
Kochi,2001,1A4C,,Natural gas,,,0.0
Kochi,2001,1A4C,,Oil,,,0.0
Kochi,2001,1A4C1,ABFLOW036,Coal,,,0.0
Kochi,2001,1A4C1,ABFLOW036,Natural gas,,,0.0
Kochi,2001,1A4C1,ABFLOW036,Oil,,,0.0
Kochi,2001,1A4C2,ABFLOW037,Coal,,,0.0
Kochi,2001,1A4C2,ABFLOW037,Natural gas,,,0.0
Kochi,2001,1A4C2,ABFLOW037,Oil,,,0.0
Kochi,2001,1A4C3,,Coal,,,0.0
Kochi,2001,1A4C3,,Natural gas,,,0.0
Kochi,2001,1A4C3,,Oil,,,0.0
Kochi,2001,1A5,ABFLOW038,Coal,,,0.0
Kochi,2001,1A5,ABFLOW038,Natural gas,,,0.0
Kochi,2001,1A5,ABFLOW038,Oil,,,0.0
Kochi,2001,1A5A,,Coal,,,0.0
Kochi,2001,1A5A,,Natural gas,,,0.0
Kochi,2001,1A5A,,Oil,,,0.0
Kochi,2001,1A5B,,Coal,,,0.0
Kochi,2001,1A5B,,Natural gas,,,0.0
Kochi,2001,1A5B,,Oil,,,0.0
Kochi,2001,1A5C,,Coal,,,0.0
Kochi,2001,1A5C,,Natural gas,,,0.0
Kochi,2001,1A5C,,Oil,,,0.0
Kochi,2001,1B,,,,,0.0
Kochi,2001,1B1,,,,,0.0
Kochi,2001,1B1A,,,,,0.0
Kochi,2001,1B1A1,,,,,0.0
Kochi,2001,1B1A11,,,,,0.0
Kochi,2001,1B1A12,,,,,0.0
Kochi,2001,1B1A13,,,,,0.0
Kochi,2001,1B1A14,,,,,0.0
Kochi,2001,1B1A2,,,,,0.0
Kochi,2001,1B1A21,,,,,0.0
Kochi,2001,1B1A22,,,,,0.0
Kochi,2001,1B1B,,,,,0.0
Kochi,2001,1B2,,,,,0.0
Kochi,2001,1B2A,,,,,0.0
Kochi,2001,1B2A1,,,,,0.0
Kochi,2001,1B2A2,,,,,0.0
Kochi,2001,1B2A3,,,,,0.0
Kochi,2001,1B2A31,,,,,0.0
Kochi,2001,1B2A32,,,,,0.0
Kochi,2001,1B2A33,,,,,0.0
Kochi,2001,1B2A34,,,,,0.0
Kochi,2001,1B2A35,,,,,0.0
Kochi,2001,1B2A36,,,,,0.0
Kochi,2001,1B2B,,,,,0.0
Kochi,2001,1B2B1,,,,,0.0
Kochi,2001,1B2B2,,,,,0.0
Kochi,2001,1B2B3,,,,,0.0
Kochi,2001,1B2B31,,,,,0.0
Kochi,2001,1B2B32,,,,,0.0
Kochi,2001,1B2B33,,,,,0.0
Kochi,2001,1B2B34,,,,,0.0
Kochi,2001,1B2B35,,,,,0.0
Kochi,2001,1B2B36,,,,,0.0
Kochi,2001,1B3,,,,,0.0
Kochi,2001,1C,,,,,0.0
Kochi,2001,1C1,,,,,0.0
Kochi,2001,1C1A,,,,,0.0
Kochi,2001,1C1B,,,,,0.0
Kochi,2001,1C1C,,,,,0.0
Kochi,2001,1C2,,,,,0.0
Kochi,2001,1C2A,,,,,0.0
Kochi,2001,1C2B,,,,,0.0
Kochi,2001,1C3,,,,,0.0
Kochi,2001,2,,,,,0.0
Kochi,2001,20,,,,,0.0
Kochi,2001,200,,,,,0.0
Kochi,2001,2000,,,,,0.0
Kochi,2001,20000,,,,,0.0
Kochi,2001,200000,,,,,0.0
Kochi,2001,2A,,,,,0.0
Kochi,2001,2A1,,,,,0.0
Kochi,2001,2A2,,,,,0.0
Kochi,2001,2A3,,,,,0.0
Kochi,2001,2A4,,,,,0.0
Kochi,2001,2A4A,,,,,0.0
Kochi,2001,2A4B,,,,,0.0
Kochi,2001,2A4C,,,,,0.0
Kochi,2001,2A4D,,,,,0.0
Kochi,2001,2B,,,,,0.0
Kochi,2001,2B1,,,,,0.0
Kochi,2001,2B10,,,,,0.0
Kochi,2001,2B2,,,,,0.0
Kochi,2001,2B3,,,,,0.0
Kochi,2001,2B4,,,,,0.0
Kochi,2001,2B5,,,,,0.0
Kochi,2001,2B6,,,,,0.0
Kochi,2001,2B7,,,,,0.0
Kochi,2001,2B8,,,,,0.0
Kochi,2001,2B8A,,,,,0.0
Kochi,2001,2B8B,,,,,0.0
Kochi,2001,2B8C,,,,,0.0
Kochi,2001,2B8D,,,,,0.0
Kochi,2001,2B8E,,,,,0.0
Kochi,2001,2B8F,,,,,0.0
Kochi,2001,2B9,,,,,0.0
Kochi,2001,2B9A,,,,,0.0
Kochi,2001,2B9B,,,,,0.0
Kochi,2001,2C,,,,,0.0
Kochi,2001,2C1,,,,,0.0
Kochi,2001,2C2,,,,,0.0
Kochi,2001,2C3,,,,,0.0
Kochi,2001,2C4,,,,,0.0
Kochi,2001,2C5,,,,,0.0
Kochi,2001,2C6,,,,,0.0
Kochi,2001,2C7,,,,,0.0
Kochi,2001,2D,,,,,0.0
Kochi,2001,2D1,,,,,0.0
Kochi,2001,2D2,,,,,0.0
Kochi,2001,2D3,,,,,0.0
Kochi,2001,2D4,,,,,0.0
Kochi,2001,2E,,,,,0.0
Kochi,2001,2F,,,,,0.0
Kochi,2001,2F1,,,,,0.0
Kochi,2001,2F2,,,,,0.0
Kochi,2001,2F3,,,,,0.0
Kochi,2001,2F4,,,,,0.0
Kochi,2001,2F5,,,,,0.0
Kochi,2001,2F6,,,,,0.0
Kochi,2001,2G,,,,,0.0
Kochi,2001,2G1,,,,,0.0
Kochi,2001,2G2,,,,,0.0
Kochi,2001,2G3,,,,,0.0
Kochi,2001,2G4,,,,,0.0
Kochi,2001,2H,,,,,0.0
Kochi,2001,2H1,,,,,0.0
Kochi,2001,2H2,,,,,0.0
Kochi,2001,2H3,,,,,0.0
Kochi,2001,3,,,,,0.0
Kochi,2001,3A,,,,,0.0
Kochi,2001,3A1,,,,,0.0
Kochi,2001,3A2,,,,,0.0
Kochi,2001,3B,,,,,0.0
Kochi,2001,3B1,,,,,0.0
Kochi,2001,3B1A,,,,,0.0
Kochi,2001,3B1B,,,,,0.0
Kochi,2001,3B2,,,,,0.0
Kochi,2001,3B2A,,,,,0.0
Kochi,2001,3B2B,,,,,0.0
Kochi,2001,3B3,,,,,0.0
Kochi,2001,3B3A,,,,,0.0
Kochi,2001,3B3B,,,,,0.0
Kochi,2001,3B4,,,,,0.0
Kochi,2001,3B4A,,,,,0.0
Kochi,2001,3B4B,,,,,0.0
Kochi,2001,3B5,,,,,0.0
Kochi,2001,3B5A,,,,,0.0
Kochi,2001,3B5B,,,,,0.0
Kochi,2001,3B6,,,,,0.0
Kochi,2001,3B6A,,,,,0.0
Kochi,2001,3B6B,,,,,0.0
Kochi,2001,3B6B1,,,,,0.0
Kochi,2001,3B6B2,,,,,0.0
Kochi,2001,3B6B3,,,,,0.0
Kochi,2001,3B6B4,,,,,0.0
Kochi,2001,3B6B5,,,,,0.0
Kochi,2001,3C,,,,,0.0
Kochi,2001,3C1,,,,,0.0
Kochi,2001,3C2,,,,,0.0
Kochi,2001,3C3,,,,,0.0
Kochi,2001,3C4,,,,,0.0
Kochi,2001,3C5,,,,,0.0
Kochi,2001,3C6,,,,,0.0
Kochi,2001,3C7,,,,,0.0
Kochi,2001,3C8,,,,,0.0
Kochi,2001,3D,,,,,0.0
Kochi,2001,3D1,,,,,0.0
Kochi,2001,3D2,,,,,0.0
Kochi,2001,4,,,,,0.0
Kochi,2001,4A,,,,,0.0
Kochi,2001,4A1,,,,,0.0
Kochi,2001,4A2,,,,,0.0
Kochi,2001,4A3,,,,,0.0
Kochi,2001,4B,,,,,0.0
Kochi,2001,4C,,,,,0.0
Kochi,2001,4C1,,,,,0.0
Kochi,2001,4C2,,,,,0.0
Kochi,2001,4D,,,,,0.0
Kochi,2001,4D1,,,,,0.0
Kochi,2001,4D2,,,,,0.0
Kochi,2001,4E,,,,,0.0
Kochi,2001,5,,,,,0.0
Kochi,2001,5A,,,,,0.0
Kochi,2001,5A1,,,,,0.0
Kochi,2001,5A2,,,,,0.0
Kochi,2002,0,,,,,0.0
Kochi,2002,1,,,,,0.0
Kochi,2002,1A,ABFLOW001,Coal,,,0.0
Kochi,2002,1A,ABFLOW001,Natural gas,,,0.0
Kochi,2002,1A,ABFLOW001,Oil,,,0.0
Kochi,2002,1A1,,Coal,,,0.0
Kochi,2002,1A1,,Natural gas,,,0.0
Kochi,2002,1A1,,Oil,,,0.0
Kochi,2002,1A1A,ABFLOW002,Coal,,,0.0
Kochi,2002,1A1A,ABFLOW002,Natural gas,,,0.0
Kochi,2002,1A1A,ABFLOW002,Oil,,,0.0
Kochi,2002,1A1A1,ABFLOW003,Coal,,,0.0
Kochi,2002,1A1A1,ABFLOW003,Natural gas,,,0.0
Kochi,2002,1A1A1,ABFLOW003,Oil,,,0.0
Kochi,2002,1A1A2,ABFLOW004,Coal,,,0.0
Kochi,2002,1A1A2,ABFLOW004,Natural gas,,,0.0
Kochi,2002,1A1A2,ABFLOW004,Oil,,,0.0
Kochi,2002,1A1A3,ABFLOW005,Coal,,,0.0
Kochi,2002,1A1A3,ABFLOW005,Natural gas,,,0.0
Kochi,2002,1A1A3,ABFLOW005,Oil,,,0.0
Kochi,2002,1A1B,ABFLOW011,Coal,,,0.0
Kochi,2002,1A1B,ABFLOW011,Natural gas,,,0.0
Kochi,2002,1A1B,ABFLOW011,Oil,,,0.0
Kochi,2002,1A1C,ABFLOW011,Coal,,,0.0
Kochi,2002,1A1C,ABFLOW011,Natural gas,,,0.0
Kochi,2002,1A1C,ABFLOW011,Oil,,,0.0
Kochi,2002,1A2,ABFLOW012,Coal,,,0.0
Kochi,2002,1A2,ABFLOW012,Natural gas,,,0.0
Kochi,2002,1A2,ABFLOW012,Oil,,,0.0
Kochi,2002,1A2A,ABFLOW016,Coal,,,0.0
Kochi,2002,1A2A,ABFLOW016,Natural gas,,,0.0
Kochi,2002,1A2A,ABFLOW016,Oil,,,0.0
Kochi,2002,1A2B,ABFLOW018,Coal,,,0.0
Kochi,2002,1A2B,ABFLOW018,Natural gas,,,0.0
Kochi,2002,1A2B,ABFLOW018,Oil,,,0.0
Kochi,2002,1A2C,ABFLOW017,Coal,,,0.0
Kochi,2002,1A2C,ABFLOW017,Natural gas,,,0.0
Kochi,2002,1A2C,ABFLOW017,Oil,,,0.0
Kochi,2002,1A2D,ABFLOW023,Coal,,,0.0
Kochi,2002,1A2D,ABFLOW023,Natural gas,,,0.0
Kochi,2002,1A2D,ABFLOW023,Oil,,,0.0
Kochi,2002,1A2E,ABFLOW022,Coal,,,0.0
Kochi,2002,1A2E,ABFLOW022,Natural gas,,,0.0
Kochi,2002,1A2E,ABFLOW022,Oil,,,0.0
Kochi,2002,1A2F,ABFLOW019,Coal,,,0.0
Kochi,2002,1A2F,ABFLOW019,Natural gas,,,0.0
Kochi,2002,1A2F,ABFLOW019,Oil,,,0.0
Kochi,2002,1A2G,ABFLOW020,Coal,,,0.0
Kochi,2002,1A2G,ABFLOW020,Natural gas,,,0.0
Kochi,2002,1A2G,ABFLOW020,Oil,,,0.0
Kochi,2002,1A2H,ABFLOW021,Coal,,,0.0
Kochi,2002,1A2H,ABFLOW021,Natural gas,,,0.0
Kochi,2002,1A2H,ABFLOW021,Oil,,,0.0
Kochi,2002,1A2I,ABFLOW013,Coal,,,0.0
Kochi,2002,1A2I,ABFLOW013,Natural gas,,,0.0
Kochi,2002,1A2I,ABFLOW013,Oil,,,0.0
Kochi,2002,1A2J,ABFLOW024,Coal,,,0.0
Kochi,2002,1A2J,ABFLOW024,Natural gas,,,0.0
Kochi,2002,1A2J,ABFLOW024,Oil,,,0.0
Kochi,2002,1A2K,ABFLOW014,Coal,,,0.0
Kochi,2002,1A2K,ABFLOW014,Natural gas,,,0.0
Kochi,2002,1A2K,ABFLOW014,Oil,,,0.0
Kochi,2002,1A2L,ABFLOW025,Coal,,,0.0
Kochi,2002,1A2L,ABFLOW025,Natural gas,,,0.0
Kochi,2002,1A2L,ABFLOW025,Oil,,,0.0
Kochi,2002,1A2M,ABFLOW026,Coal,,,0.0
Kochi,2002,1A2M,ABFLOW026,Natural gas,,,0.0
Kochi,2002,1A2M,ABFLOW026,Oil,,,0.0
Kochi,2002,1A3,ABFLOW027,Coal,,,0.0
Kochi,2002,1A3,ABFLOW027,Natural gas,,,0.0
Kochi,2002,1A3,ABFLOW027,Oil,,,0.0
Kochi,2002,1A3A,,Coal,,,0.0
Kochi,2002,1A3A,,Natural gas,,,0.0
Kochi,2002,1A3A,,Oil,,,0.0
Kochi,2002,1A3A1,ABFLOW040,Coal,,,0.0
Kochi,2002,1A3A1,ABFLOW040,Natural gas,,,0.0
Kochi,2002,1A3A1,ABFLOW040,Oil,,,0.0
Kochi,2002,1A3A2,ABFLOW029,Coal,,,0.0
Kochi,2002,1A3A2,ABFLOW029,Natural gas,,,0.0
Kochi,2002,1A3A2,ABFLOW029,Oil,,,0.0
Kochi,2002,1A3B,ABFLOW028,Coal,,,0.0
Kochi,2002,1A3B,ABFLOW028,Natural gas,,,0.0
Kochi,2002,1A3B,ABFLOW028,Oil,,,0.0
Kochi,2002,1A3C,ABFLOW030,Coal,,,0.0
Kochi,2002,1A3C,ABFLOW030,Natural gas,,,0.0
Kochi,2002,1A3C,ABFLOW030,Oil,,,0.0
Kochi,2002,1A3D,,Coal,,,0.0
Kochi,2002,1A3D,,Natural gas,,,0.0
Kochi,2002,1A3D,,Oil,,,0.0
Kochi,2002,1A3D1,ABFLOW039,Coal,,,0.0
Kochi,2002,1A3D1,ABFLOW039,Natural gas,,,0.0
Kochi,2002,1A3D1,ABFLOW039,Oil,,,0.0
Kochi,2002,1A3D2,ABFLOW032,Coal,,,0.0
Kochi,2002,1A3D2,ABFLOW032,Natural gas,,,0.0
Kochi,2002,1A3D2,ABFLOW032,Oil,,,0.0
Kochi,2002,1A3E,,Coal,,,0.0
Kochi,2002,1A3E,,Natural gas,,,0.0
Kochi,2002,1A3E,,Oil,,,0.0
Kochi,2002,1A3E1,ABFLOW033,Coal,,,0.0
Kochi,2002,1A3E1,ABFLOW033,Natural gas,,,0.0
Kochi,2002,1A3E1,ABFLOW033,Oil,,,0.0
Kochi,2002,1A4,,Coal,,,0.0
Kochi,2002,1A4,,Natural gas,,,0.0
Kochi,2002,1A4,,Oil,,,0.0
Kochi,2002,1A4A,ABFLOW035,Coal,,,0.0
Kochi,2002,1A4A,ABFLOW035,Natural gas,,,0.0
Kochi,2002,1A4A,ABFLOW035,Oil,,,0.0
Kochi,2002,1A4B,ABFLOW034,Coal,,,0.0
Kochi,2002,1A4B,ABFLOW034,Natural gas,,,0.0
Kochi,2002,1A4B,ABFLOW034,Oil,,,0.0
Kochi,2002,1A4C,,Coal,,,0.0
Kochi,2002,1A4C,,Natural gas,,,0.0
Kochi,2002,1A4C,,Oil,,,0.0
Kochi,2002,1A4C1,ABFLOW036,Coal,,,0.0
Kochi,2002,1A4C1,ABFLOW036,Natural gas,,,0.0
Kochi,2002,1A4C1,ABFLOW036,Oil,,,0.0
Kochi,2002,1A4C2,ABFLOW037,Coal,,,0.0
Kochi,2002,1A4C2,ABFLOW037,Natural gas,,,0.0
Kochi,2002,1A4C2,ABFLOW037,Oil,,,0.0
Kochi,2002,1A4C3,,Coal,,,0.0
Kochi,2002,1A4C3,,Natural gas,,,0.0
Kochi,2002,1A4C3,,Oil,,,0.0
Kochi,2002,1A5,ABFLOW038,Coal,,,0.0
Kochi,2002,1A5,ABFLOW038,Natural gas,,,0.0
Kochi,2002,1A5,ABFLOW038,Oil,,,0.0
Kochi,2002,1A5A,,Coal,,,0.0
Kochi,2002,1A5A,,Natural gas,,,0.0
Kochi,2002,1A5A,,Oil,,,0.0
Kochi,2002,1A5B,,Coal,,,0.0
Kochi,2002,1A5B,,Natural gas,,,0.0
Kochi,2002,1A5B,,Oil,,,0.0
Kochi,2002,1A5C,,Coal,,,0.0
Kochi,2002,1A5C,,Natural gas,,,0.0
Kochi,2002,1A5C,,Oil,,,0.0
Kochi,2002,1B,,,,,0.0
Kochi,2002,1B1,,,,,0.0
Kochi,2002,1B1A,,,,,0.0
Kochi,2002,1B1A1,,,,,0.0
Kochi,2002,1B1A11,,,,,0.0
Kochi,2002,1B1A12,,,,,0.0
Kochi,2002,1B1A13,,,,,0.0
Kochi,2002,1B1A14,,,,,0.0
Kochi,2002,1B1A2,,,,,0.0
Kochi,2002,1B1A21,,,,,0.0
Kochi,2002,1B1A22,,,,,0.0
Kochi,2002,1B1B,,,,,0.0
Kochi,2002,1B2,,,,,0.0
Kochi,2002,1B2A,,,,,0.0
Kochi,2002,1B2A1,,,,,0.0
Kochi,2002,1B2A2,,,,,0.0
Kochi,2002,1B2A3,,,,,0.0
Kochi,2002,1B2A31,,,,,0.0
Kochi,2002,1B2A32,,,,,0.0
Kochi,2002,1B2A33,,,,,0.0
Kochi,2002,1B2A34,,,,,0.0
Kochi,2002,1B2A35,,,,,0.0
Kochi,2002,1B2A36,,,,,0.0
Kochi,2002,1B2B,,,,,0.0
Kochi,2002,1B2B1,,,,,0.0
Kochi,2002,1B2B2,,,,,0.0
Kochi,2002,1B2B3,,,,,0.0
Kochi,2002,1B2B31,,,,,0.0
Kochi,2002,1B2B32,,,,,0.0
Kochi,2002,1B2B33,,,,,0.0
Kochi,2002,1B2B34,,,,,0.0
Kochi,2002,1B2B35,,,,,0.0
Kochi,2002,1B2B36,,,,,0.0
Kochi,2002,1B3,,,,,0.0
Kochi,2002,1C,,,,,0.0
Kochi,2002,1C1,,,,,0.0
Kochi,2002,1C1A,,,,,0.0
Kochi,2002,1C1B,,,,,0.0
Kochi,2002,1C1C,,,,,0.0
Kochi,2002,1C2,,,,,0.0
Kochi,2002,1C2A,,,,,0.0
Kochi,2002,1C2B,,,,,0.0
Kochi,2002,1C3,,,,,0.0
Kochi,2002,2,,,,,0.0
Kochi,2002,20,,,,,0.0
Kochi,2002,200,,,,,0.0
Kochi,2002,2000,,,,,0.0
Kochi,2002,20000,,,,,0.0
Kochi,2002,200000,,,,,0.0
Kochi,2002,2A,,,,,0.0
Kochi,2002,2A1,,,,,0.0
Kochi,2002,2A2,,,,,0.0
Kochi,2002,2A3,,,,,0.0
Kochi,2002,2A4,,,,,0.0
Kochi,2002,2A4A,,,,,0.0
Kochi,2002,2A4B,,,,,0.0
Kochi,2002,2A4C,,,,,0.0
Kochi,2002,2A4D,,,,,0.0
Kochi,2002,2B,,,,,0.0
Kochi,2002,2B1,,,,,0.0
Kochi,2002,2B10,,,,,0.0
Kochi,2002,2B2,,,,,0.0
Kochi,2002,2B3,,,,,0.0
Kochi,2002,2B4,,,,,0.0
Kochi,2002,2B5,,,,,0.0
Kochi,2002,2B6,,,,,0.0
Kochi,2002,2B7,,,,,0.0
Kochi,2002,2B8,,,,,0.0
Kochi,2002,2B8A,,,,,0.0
Kochi,2002,2B8B,,,,,0.0
Kochi,2002,2B8C,,,,,0.0
Kochi,2002,2B8D,,,,,0.0
Kochi,2002,2B8E,,,,,0.0
Kochi,2002,2B8F,,,,,0.0
Kochi,2002,2B9,,,,,0.0
Kochi,2002,2B9A,,,,,0.0
Kochi,2002,2B9B,,,,,0.0
Kochi,2002,2C,,,,,0.0
Kochi,2002,2C1,,,,,0.0
Kochi,2002,2C2,,,,,0.0
Kochi,2002,2C3,,,,,0.0
Kochi,2002,2C4,,,,,0.0
Kochi,2002,2C5,,,,,0.0
Kochi,2002,2C6,,,,,0.0
Kochi,2002,2C7,,,,,0.0
Kochi,2002,2D,,,,,0.0
Kochi,2002,2D1,,,,,0.0
Kochi,2002,2D2,,,,,0.0
Kochi,2002,2D3,,,,,0.0
Kochi,2002,2D4,,,,,0.0
Kochi,2002,2E,,,,,0.0
Kochi,2002,2F,,,,,0.0
Kochi,2002,2F1,,,,,0.0
Kochi,2002,2F2,,,,,0.0
Kochi,2002,2F3,,,,,0.0
Kochi,2002,2F4,,,,,0.0
Kochi,2002,2F5,,,,,0.0
Kochi,2002,2F6,,,,,0.0
Kochi,2002,2G,,,,,0.0
Kochi,2002,2G1,,,,,0.0
Kochi,2002,2G2,,,,,0.0
Kochi,2002,2G3,,,,,0.0
Kochi,2002,2G4,,,,,0.0
Kochi,2002,2H,,,,,0.0
Kochi,2002,2H1,,,,,0.0
Kochi,2002,2H2,,,,,0.0
Kochi,2002,2H3,,,,,0.0
Kochi,2002,3,,,,,0.0
Kochi,2002,3A,,,,,0.0
Kochi,2002,3A1,,,,,0.0
Kochi,2002,3A2,,,,,0.0
Kochi,2002,3B,,,,,0.0
Kochi,2002,3B1,,,,,0.0
Kochi,2002,3B1A,,,,,0.0
Kochi,2002,3B1B,,,,,0.0
Kochi,2002,3B2,,,,,0.0
Kochi,2002,3B2A,,,,,0.0
Kochi,2002,3B2B,,,,,0.0
Kochi,2002,3B3,,,,,0.0
Kochi,2002,3B3A,,,,,0.0
Kochi,2002,3B3B,,,,,0.0
Kochi,2002,3B4,,,,,0.0
Kochi,2002,3B4A,,,,,0.0
Kochi,2002,3B4B,,,,,0.0
Kochi,2002,3B5,,,,,0.0
Kochi,2002,3B5A,,,,,0.0
Kochi,2002,3B5B,,,,,0.0
Kochi,2002,3B6,,,,,0.0
Kochi,2002,3B6A,,,,,0.0
Kochi,2002,3B6B,,,,,0.0
Kochi,2002,3B6B1,,,,,0.0
Kochi,2002,3B6B2,,,,,0.0
Kochi,2002,3B6B3,,,,,0.0
Kochi,2002,3B6B4,,,,,0.0
Kochi,2002,3B6B5,,,,,0.0
Kochi,2002,3C,,,,,0.0
Kochi,2002,3C1,,,,,0.0
Kochi,2002,3C2,,,,,0.0
Kochi,2002,3C3,,,,,0.0
Kochi,2002,3C4,,,,,0.0
Kochi,2002,3C5,,,,,0.0
Kochi,2002,3C6,,,,,0.0
Kochi,2002,3C7,,,,,0.0
Kochi,2002,3C8,,,,,0.0
Kochi,2002,3D,,,,,0.0
Kochi,2002,3D1,,,,,0.0
Kochi,2002,3D2,,,,,0.0
Kochi,2002,4,,,,,0.0
Kochi,2002,4A,,,,,0.0
Kochi,2002,4A1,,,,,0.0
Kochi,2002,4A2,,,,,0.0
Kochi,2002,4A3,,,,,0.0
Kochi,2002,4B,,,,,0.0
Kochi,2002,4C,,,,,0.0
Kochi,2002,4C1,,,,,0.0
Kochi,2002,4C2,,,,,0.0
Kochi,2002,4D,,,,,0.0
Kochi,2002,4D1,,,,,0.0
Kochi,2002,4D2,,,,,0.0
Kochi,2002,4E,,,,,0.0
Kochi,2002,5,,,,,0.0
Kochi,2002,5A,,,,,0.0
Kochi,2002,5A1,,,,,0.0
Kochi,2002,5A2,,,,,0.0
Kochi,2003,0,,,,,0.0
Kochi,2003,1,,,,,0.0
Kochi,2003,1A,ABFLOW001,Coal,,,0.0
Kochi,2003,1A,ABFLOW001,Natural gas,,,0.0
Kochi,2003,1A,ABFLOW001,Oil,,,0.0
Kochi,2003,1A1,,Coal,,,0.0
Kochi,2003,1A1,,Natural gas,,,0.0
Kochi,2003,1A1,,Oil,,,0.0
Kochi,2003,1A1A,ABFLOW002,Coal,,,0.0
Kochi,2003,1A1A,ABFLOW002,Natural gas,,,0.0
Kochi,2003,1A1A,ABFLOW002,Oil,,,0.0
Kochi,2003,1A1A1,ABFLOW003,Coal,,,0.0
Kochi,2003,1A1A1,ABFLOW003,Natural gas,,,0.0
Kochi,2003,1A1A1,ABFLOW003,Oil,,,0.0
Kochi,2003,1A1A2,ABFLOW004,Coal,,,0.0
Kochi,2003,1A1A2,ABFLOW004,Natural gas,,,0.0
Kochi,2003,1A1A2,ABFLOW004,Oil,,,0.0
Kochi,2003,1A1A3,ABFLOW005,Coal,,,0.0
Kochi,2003,1A1A3,ABFLOW005,Natural gas,,,0.0
Kochi,2003,1A1A3,ABFLOW005,Oil,,,0.0
Kochi,2003,1A1B,ABFLOW011,Coal,,,0.0
Kochi,2003,1A1B,ABFLOW011,Natural gas,,,0.0
Kochi,2003,1A1B,ABFLOW011,Oil,,,0.0
Kochi,2003,1A1C,ABFLOW011,Coal,,,0.0
Kochi,2003,1A1C,ABFLOW011,Natural gas,,,0.0
Kochi,2003,1A1C,ABFLOW011,Oil,,,0.0
Kochi,2003,1A2,ABFLOW012,Coal,,,0.0
Kochi,2003,1A2,ABFLOW012,Natural gas,,,0.0
Kochi,2003,1A2,ABFLOW012,Oil,,,0.0
Kochi,2003,1A2A,ABFLOW016,Coal,,,0.0
Kochi,2003,1A2A,ABFLOW016,Natural gas,,,0.0
Kochi,2003,1A2A,ABFLOW016,Oil,,,0.0
Kochi,2003,1A2B,ABFLOW018,Coal,,,0.0
Kochi,2003,1A2B,ABFLOW018,Natural gas,,,0.0
Kochi,2003,1A2B,ABFLOW018,Oil,,,0.0
Kochi,2003,1A2C,ABFLOW017,Coal,,,0.0
Kochi,2003,1A2C,ABFLOW017,Natural gas,,,0.0
Kochi,2003,1A2C,ABFLOW017,Oil,,,0.0
Kochi,2003,1A2D,ABFLOW023,Coal,,,0.0
Kochi,2003,1A2D,ABFLOW023,Natural gas,,,0.0
Kochi,2003,1A2D,ABFLOW023,Oil,,,0.0
Kochi,2003,1A2E,ABFLOW022,Coal,,,0.0
Kochi,2003,1A2E,ABFLOW022,Natural gas,,,0.0
Kochi,2003,1A2E,ABFLOW022,Oil,,,0.0
Kochi,2003,1A2F,ABFLOW019,Coal,,,0.0
Kochi,2003,1A2F,ABFLOW019,Natural gas,,,0.0
Kochi,2003,1A2F,ABFLOW019,Oil,,,0.0
Kochi,2003,1A2G,ABFLOW020,Coal,,,0.0
Kochi,2003,1A2G,ABFLOW020,Natural gas,,,0.0
Kochi,2003,1A2G,ABFLOW020,Oil,,,0.0
Kochi,2003,1A2H,ABFLOW021,Coal,,,0.0
Kochi,2003,1A2H,ABFLOW021,Natural gas,,,0.0
Kochi,2003,1A2H,ABFLOW021,Oil,,,0.0
Kochi,2003,1A2I,ABFLOW013,Coal,,,0.0
Kochi,2003,1A2I,ABFLOW013,Natural gas,,,0.0
Kochi,2003,1A2I,ABFLOW013,Oil,,,0.0
Kochi,2003,1A2J,ABFLOW024,Coal,,,0.0
Kochi,2003,1A2J,ABFLOW024,Natural gas,,,0.0
Kochi,2003,1A2J,ABFLOW024,Oil,,,0.0
Kochi,2003,1A2K,ABFLOW014,Coal,,,0.0
Kochi,2003,1A2K,ABFLOW014,Natural gas,,,0.0
Kochi,2003,1A2K,ABFLOW014,Oil,,,0.0
Kochi,2003,1A2L,ABFLOW025,Coal,,,0.0
Kochi,2003,1A2L,ABFLOW025,Natural gas,,,0.0
Kochi,2003,1A2L,ABFLOW025,Oil,,,0.0
Kochi,2003,1A2M,ABFLOW026,Coal,,,0.0
Kochi,2003,1A2M,ABFLOW026,Natural gas,,,0.0
Kochi,2003,1A2M,ABFLOW026,Oil,,,0.0
Kochi,2003,1A3,ABFLOW027,Coal,,,0.0
Kochi,2003,1A3,ABFLOW027,Natural gas,,,0.0
Kochi,2003,1A3,ABFLOW027,Oil,,,0.0
Kochi,2003,1A3A,,Coal,,,0.0
Kochi,2003,1A3A,,Natural gas,,,0.0
Kochi,2003,1A3A,,Oil,,,0.0
Kochi,2003,1A3A1,ABFLOW040,Coal,,,0.0
Kochi,2003,1A3A1,ABFLOW040,Natural gas,,,0.0
Kochi,2003,1A3A1,ABFLOW040,Oil,,,0.0
Kochi,2003,1A3A2,ABFLOW029,Coal,,,0.0
Kochi,2003,1A3A2,ABFLOW029,Natural gas,,,0.0
Kochi,2003,1A3A2,ABFLOW029,Oil,,,0.0
Kochi,2003,1A3B,ABFLOW028,Coal,,,0.0
Kochi,2003,1A3B,ABFLOW028,Natural gas,,,0.0
Kochi,2003,1A3B,ABFLOW028,Oil,,,0.0
Kochi,2003,1A3C,ABFLOW030,Coal,,,0.0
Kochi,2003,1A3C,ABFLOW030,Natural gas,,,0.0
Kochi,2003,1A3C,ABFLOW030,Oil,,,0.0
Kochi,2003,1A3D,,Coal,,,0.0
Kochi,2003,1A3D,,Natural gas,,,0.0
Kochi,2003,1A3D,,Oil,,,0.0
Kochi,2003,1A3D1,ABFLOW039,Coal,,,0.0
Kochi,2003,1A3D1,ABFLOW039,Natural gas,,,0.0
Kochi,2003,1A3D1,ABFLOW039,Oil,,,0.0
Kochi,2003,1A3D2,ABFLOW032,Coal,,,0.0
Kochi,2003,1A3D2,ABFLOW032,Natural gas,,,0.0
Kochi,2003,1A3D2,ABFLOW032,Oil,,,0.0
Kochi,2003,1A3E,,Coal,,,0.0
Kochi,2003,1A3E,,Natural gas,,,0.0
Kochi,2003,1A3E,,Oil,,,0.0
Kochi,2003,1A3E1,ABFLOW033,Coal,,,0.0
Kochi,2003,1A3E1,ABFLOW033,Natural gas,,,0.0
Kochi,2003,1A3E1,ABFLOW033,Oil,,,0.0
Kochi,2003,1A4,,Coal,,,0.0
Kochi,2003,1A4,,Natural gas,,,0.0
Kochi,2003,1A4,,Oil,,,0.0
Kochi,2003,1A4A,ABFLOW035,Coal,,,0.0
Kochi,2003,1A4A,ABFLOW035,Natural gas,,,0.0
Kochi,2003,1A4A,ABFLOW035,Oil,,,0.0
Kochi,2003,1A4B,ABFLOW034,Coal,,,0.0
Kochi,2003,1A4B,ABFLOW034,Natural gas,,,0.0
Kochi,2003,1A4B,ABFLOW034,Oil,,,0.0
Kochi,2003,1A4C,,Coal,,,0.0
Kochi,2003,1A4C,,Natural gas,,,0.0
Kochi,2003,1A4C,,Oil,,,0.0
Kochi,2003,1A4C1,ABFLOW036,Coal,,,0.0
Kochi,2003,1A4C1,ABFLOW036,Natural gas,,,0.0
Kochi,2003,1A4C1,ABFLOW036,Oil,,,0.0
Kochi,2003,1A4C2,ABFLOW037,Coal,,,0.0
Kochi,2003,1A4C2,ABFLOW037,Natural gas,,,0.0
Kochi,2003,1A4C2,ABFLOW037,Oil,,,0.0
Kochi,2003,1A4C3,,Coal,,,0.0
Kochi,2003,1A4C3,,Natural gas,,,0.0
Kochi,2003,1A4C3,,Oil,,,0.0
Kochi,2003,1A5,ABFLOW038,Coal,,,0.0
Kochi,2003,1A5,ABFLOW038,Natural gas,,,0.0
Kochi,2003,1A5,ABFLOW038,Oil,,,0.0
Kochi,2003,1A5A,,Coal,,,0.0
Kochi,2003,1A5A,,Natural gas,,,0.0
Kochi,2003,1A5A,,Oil,,,0.0
Kochi,2003,1A5B,,Coal,,,0.0
Kochi,2003,1A5B,,Natural gas,,,0.0
Kochi,2003,1A5B,,Oil,,,0.0
Kochi,2003,1A5C,,Coal,,,0.0
Kochi,2003,1A5C,,Natural gas,,,0.0
Kochi,2003,1A5C,,Oil,,,0.0
Kochi,2003,1B,,,,,0.0
Kochi,2003,1B1,,,,,0.0
Kochi,2003,1B1A,,,,,0.0
Kochi,2003,1B1A1,,,,,0.0
Kochi,2003,1B1A11,,,,,0.0
Kochi,2003,1B1A12,,,,,0.0
Kochi,2003,1B1A13,,,,,0.0
Kochi,2003,1B1A14,,,,,0.0
Kochi,2003,1B1A2,,,,,0.0
Kochi,2003,1B1A21,,,,,0.0
Kochi,2003,1B1A22,,,,,0.0
Kochi,2003,1B1B,,,,,0.0
Kochi,2003,1B2,,,,,0.0
Kochi,2003,1B2A,,,,,0.0
Kochi,2003,1B2A1,,,,,0.0
Kochi,2003,1B2A2,,,,,0.0
Kochi,2003,1B2A3,,,,,0.0
Kochi,2003,1B2A31,,,,,0.0
Kochi,2003,1B2A32,,,,,0.0
Kochi,2003,1B2A33,,,,,0.0
Kochi,2003,1B2A34,,,,,0.0
Kochi,2003,1B2A35,,,,,0.0
Kochi,2003,1B2A36,,,,,0.0
Kochi,2003,1B2B,,,,,0.0
Kochi,2003,1B2B1,,,,,0.0
Kochi,2003,1B2B2,,,,,0.0
Kochi,2003,1B2B3,,,,,0.0
Kochi,2003,1B2B31,,,,,0.0
Kochi,2003,1B2B32,,,,,0.0
Kochi,2003,1B2B33,,,,,0.0
Kochi,2003,1B2B34,,,,,0.0
Kochi,2003,1B2B35,,,,,0.0
Kochi,2003,1B2B36,,,,,0.0
Kochi,2003,1B3,,,,,0.0
Kochi,2003,1C,,,,,0.0
Kochi,2003,1C1,,,,,0.0
Kochi,2003,1C1A,,,,,0.0
Kochi,2003,1C1B,,,,,0.0
Kochi,2003,1C1C,,,,,0.0
Kochi,2003,1C2,,,,,0.0
Kochi,2003,1C2A,,,,,0.0
Kochi,2003,1C2B,,,,,0.0
Kochi,2003,1C3,,,,,0.0
Kochi,2003,2,,,,,0.0
Kochi,2003,20,,,,,0.0
Kochi,2003,200,,,,,0.0
Kochi,2003,2000,,,,,0.0
Kochi,2003,20000,,,,,0.0
Kochi,2003,200000,,,,,0.0
Kochi,2003,2A,,,,,0.0
Kochi,2003,2A1,,,,,0.0
Kochi,2003,2A2,,,,,0.0
Kochi,2003,2A3,,,,,0.0
Kochi,2003,2A4,,,,,0.0
Kochi,2003,2A4A,,,,,0.0
Kochi,2003,2A4B,,,,,0.0
Kochi,2003,2A4C,,,,,0.0
Kochi,2003,2A4D,,,,,0.0
Kochi,2003,2B,,,,,0.0
Kochi,2003,2B1,,,,,0.0
Kochi,2003,2B10,,,,,0.0
Kochi,2003,2B2,,,,,0.0
Kochi,2003,2B3,,,,,0.0
Kochi,2003,2B4,,,,,0.0
Kochi,2003,2B5,,,,,0.0
Kochi,2003,2B6,,,,,0.0
Kochi,2003,2B7,,,,,0.0
Kochi,2003,2B8,,,,,0.0
Kochi,2003,2B8A,,,,,0.0
Kochi,2003,2B8B,,,,,0.0
Kochi,2003,2B8C,,,,,0.0
Kochi,2003,2B8D,,,,,0.0
Kochi,2003,2B8E,,,,,0.0
Kochi,2003,2B8F,,,,,0.0
Kochi,2003,2B9,,,,,0.0
Kochi,2003,2B9A,,,,,0.0
Kochi,2003,2B9B,,,,,0.0
Kochi,2003,2C,,,,,0.0
Kochi,2003,2C1,,,,,0.0
Kochi,2003,2C2,,,,,0.0
Kochi,2003,2C3,,,,,0.0
Kochi,2003,2C4,,,,,0.0
Kochi,2003,2C5,,,,,0.0
Kochi,2003,2C6,,,,,0.0
Kochi,2003,2C7,,,,,0.0
Kochi,2003,2D,,,,,0.0
Kochi,2003,2D1,,,,,0.0
Kochi,2003,2D2,,,,,0.0
Kochi,2003,2D3,,,,,0.0
Kochi,2003,2D4,,,,,0.0
Kochi,2003,2E,,,,,0.0
Kochi,2003,2F,,,,,0.0
Kochi,2003,2F1,,,,,0.0
Kochi,2003,2F2,,,,,0.0
Kochi,2003,2F3,,,,,0.0
Kochi,2003,2F4,,,,,0.0
Kochi,2003,2F5,,,,,0.0
Kochi,2003,2F6,,,,,0.0
Kochi,2003,2G,,,,,0.0
Kochi,2003,2G1,,,,,0.0
Kochi,2003,2G2,,,,,0.0
Kochi,2003,2G3,,,,,0.0
Kochi,2003,2G4,,,,,0.0
Kochi,2003,2H,,,,,0.0
Kochi,2003,2H1,,,,,0.0
Kochi,2003,2H2,,,,,0.0
Kochi,2003,2H3,,,,,0.0
Kochi,2003,3,,,,,0.0
Kochi,2003,3A,,,,,0.0
Kochi,2003,3A1,,,,,0.0
Kochi,2003,3A2,,,,,0.0
Kochi,2003,3B,,,,,0.0
Kochi,2003,3B1,,,,,0.0
Kochi,2003,3B1A,,,,,0.0
Kochi,2003,3B1B,,,,,0.0
Kochi,2003,3B2,,,,,0.0
Kochi,2003,3B2A,,,,,0.0
Kochi,2003,3B2B,,,,,0.0
Kochi,2003,3B3,,,,,0.0
Kochi,2003,3B3A,,,,,0.0
Kochi,2003,3B3B,,,,,0.0
Kochi,2003,3B4,,,,,0.0
Kochi,2003,3B4A,,,,,0.0
Kochi,2003,3B4B,,,,,0.0
Kochi,2003,3B5,,,,,0.0
Kochi,2003,3B5A,,,,,0.0
Kochi,2003,3B5B,,,,,0.0
Kochi,2003,3B6,,,,,0.0
Kochi,2003,3B6A,,,,,0.0
Kochi,2003,3B6B,,,,,0.0
Kochi,2003,3B6B1,,,,,0.0
Kochi,2003,3B6B2,,,,,0.0
Kochi,2003,3B6B3,,,,,0.0
Kochi,2003,3B6B4,,,,,0.0
Kochi,2003,3B6B5,,,,,0.0
Kochi,2003,3C,,,,,0.0
Kochi,2003,3C1,,,,,0.0
Kochi,2003,3C2,,,,,0.0
Kochi,2003,3C3,,,,,0.0
Kochi,2003,3C4,,,,,0.0
Kochi,2003,3C5,,,,,0.0
Kochi,2003,3C6,,,,,0.0
Kochi,2003,3C7,,,,,0.0
Kochi,2003,3C8,,,,,0.0
Kochi,2003,3D,,,,,0.0
Kochi,2003,3D1,,,,,0.0
Kochi,2003,3D2,,,,,0.0
Kochi,2003,4,,,,,0.0
Kochi,2003,4A,,,,,0.0
Kochi,2003,4A1,,,,,0.0
Kochi,2003,4A2,,,,,0.0
Kochi,2003,4A3,,,,,0.0
Kochi,2003,4B,,,,,0.0
Kochi,2003,4C,,,,,0.0
Kochi,2003,4C1,,,,,0.0
Kochi,2003,4C2,,,,,0.0
Kochi,2003,4D,,,,,0.0
Kochi,2003,4D1,,,,,0.0
Kochi,2003,4D2,,,,,0.0
Kochi,2003,4E,,,,,0.0
Kochi,2003,5,,,,,0.0
Kochi,2003,5A,,,,,0.0
Kochi,2003,5A1,,,,,0.0
Kochi,2003,5A2,,,,,0.0
Kochi,2004,0,,,,,0.0
Kochi,2004,1,,,,,0.0
Kochi,2004,1A,ABFLOW001,Coal,,,0.0
Kochi,2004,1A,ABFLOW001,Natural gas,,,0.0
Kochi,2004,1A,ABFLOW001,Oil,,,0.0
Kochi,2004,1A1,,Coal,,,0.0
Kochi,2004,1A1,,Natural gas,,,0.0
Kochi,2004,1A1,,Oil,,,0.0
Kochi,2004,1A1A,ABFLOW002,Coal,,,0.0
Kochi,2004,1A1A,ABFLOW002,Natural gas,,,0.0
Kochi,2004,1A1A,ABFLOW002,Oil,,,0.0
Kochi,2004,1A1A1,ABFLOW003,Coal,,,0.0
Kochi,2004,1A1A1,ABFLOW003,Natural gas,,,0.0
Kochi,2004,1A1A1,ABFLOW003,Oil,,,0.0
Kochi,2004,1A1A2,ABFLOW004,Coal,,,0.0
Kochi,2004,1A1A2,ABFLOW004,Natural gas,,,0.0
Kochi,2004,1A1A2,ABFLOW004,Oil,,,0.0
Kochi,2004,1A1A3,ABFLOW005,Coal,,,0.0
Kochi,2004,1A1A3,ABFLOW005,Natural gas,,,0.0
Kochi,2004,1A1A3,ABFLOW005,Oil,,,0.0
Kochi,2004,1A1B,ABFLOW011,Coal,,,0.0
Kochi,2004,1A1B,ABFLOW011,Natural gas,,,0.0
Kochi,2004,1A1B,ABFLOW011,Oil,,,0.0
Kochi,2004,1A1C,ABFLOW011,Coal,,,0.0
Kochi,2004,1A1C,ABFLOW011,Natural gas,,,0.0
Kochi,2004,1A1C,ABFLOW011,Oil,,,0.0
Kochi,2004,1A2,ABFLOW012,Coal,,,0.0
Kochi,2004,1A2,ABFLOW012,Natural gas,,,0.0
Kochi,2004,1A2,ABFLOW012,Oil,,,0.0
Kochi,2004,1A2A,ABFLOW016,Coal,,,0.0
Kochi,2004,1A2A,ABFLOW016,Natural gas,,,0.0
Kochi,2004,1A2A,ABFLOW016,Oil,,,0.0
Kochi,2004,1A2B,ABFLOW018,Coal,,,0.0
Kochi,2004,1A2B,ABFLOW018,Natural gas,,,0.0
Kochi,2004,1A2B,ABFLOW018,Oil,,,0.0
Kochi,2004,1A2C,ABFLOW017,Coal,,,0.0
Kochi,2004,1A2C,ABFLOW017,Natural gas,,,0.0
Kochi,2004,1A2C,ABFLOW017,Oil,,,0.0
Kochi,2004,1A2D,ABFLOW023,Coal,,,0.0
Kochi,2004,1A2D,ABFLOW023,Natural gas,,,0.0
Kochi,2004,1A2D,ABFLOW023,Oil,,,0.0
Kochi,2004,1A2E,ABFLOW022,Coal,,,0.0
Kochi,2004,1A2E,ABFLOW022,Natural gas,,,0.0
Kochi,2004,1A2E,ABFLOW022,Oil,,,0.0
Kochi,2004,1A2F,ABFLOW019,Coal,,,0.0
Kochi,2004,1A2F,ABFLOW019,Natural gas,,,0.0
Kochi,2004,1A2F,ABFLOW019,Oil,,,0.0
Kochi,2004,1A2G,ABFLOW020,Coal,,,0.0
Kochi,2004,1A2G,ABFLOW020,Natural gas,,,0.0
Kochi,2004,1A2G,ABFLOW020,Oil,,,0.0
Kochi,2004,1A2H,ABFLOW021,Coal,,,0.0
Kochi,2004,1A2H,ABFLOW021,Natural gas,,,0.0
Kochi,2004,1A2H,ABFLOW021,Oil,,,0.0
Kochi,2004,1A2I,ABFLOW013,Coal,,,0.0
Kochi,2004,1A2I,ABFLOW013,Natural gas,,,0.0
Kochi,2004,1A2I,ABFLOW013,Oil,,,0.0
Kochi,2004,1A2J,ABFLOW024,Coal,,,0.0
Kochi,2004,1A2J,ABFLOW024,Natural gas,,,0.0
Kochi,2004,1A2J,ABFLOW024,Oil,,,0.0
Kochi,2004,1A2K,ABFLOW014,Coal,,,0.0
Kochi,2004,1A2K,ABFLOW014,Natural gas,,,0.0
Kochi,2004,1A2K,ABFLOW014,Oil,,,0.0
Kochi,2004,1A2L,ABFLOW025,Coal,,,0.0
Kochi,2004,1A2L,ABFLOW025,Natural gas,,,0.0
Kochi,2004,1A2L,ABFLOW025,Oil,,,0.0
Kochi,2004,1A2M,ABFLOW026,Coal,,,0.0
Kochi,2004,1A2M,ABFLOW026,Natural gas,,,0.0
Kochi,2004,1A2M,ABFLOW026,Oil,,,0.0
Kochi,2004,1A3,ABFLOW027,Coal,,,0.0
Kochi,2004,1A3,ABFLOW027,Natural gas,,,0.0
Kochi,2004,1A3,ABFLOW027,Oil,,,0.0
Kochi,2004,1A3A,,Coal,,,0.0
Kochi,2004,1A3A,,Natural gas,,,0.0
Kochi,2004,1A3A,,Oil,,,0.0
Kochi,2004,1A3A1,ABFLOW040,Coal,,,0.0
Kochi,2004,1A3A1,ABFLOW040,Natural gas,,,0.0
Kochi,2004,1A3A1,ABFLOW040,Oil,,,0.0
Kochi,2004,1A3A2,ABFLOW029,Coal,,,0.0
Kochi,2004,1A3A2,ABFLOW029,Natural gas,,,0.0
Kochi,2004,1A3A2,ABFLOW029,Oil,,,0.0
Kochi,2004,1A3B,ABFLOW028,Coal,,,0.0
Kochi,2004,1A3B,ABFLOW028,Natural gas,,,0.0
Kochi,2004,1A3B,ABFLOW028,Oil,,,0.0
Kochi,2004,1A3C,ABFLOW030,Coal,,,0.0
Kochi,2004,1A3C,ABFLOW030,Natural gas,,,0.0
Kochi,2004,1A3C,ABFLOW030,Oil,,,0.0
Kochi,2004,1A3D,,Coal,,,0.0
Kochi,2004,1A3D,,Natural gas,,,0.0
Kochi,2004,1A3D,,Oil,,,0.0
Kochi,2004,1A3D1,ABFLOW039,Coal,,,0.0
Kochi,2004,1A3D1,ABFLOW039,Natural gas,,,0.0
Kochi,2004,1A3D1,ABFLOW039,Oil,,,0.0
Kochi,2004,1A3D2,ABFLOW032,Coal,,,0.0
Kochi,2004,1A3D2,ABFLOW032,Natural gas,,,0.0
Kochi,2004,1A3D2,ABFLOW032,Oil,,,0.0
Kochi,2004,1A3E,,Coal,,,0.0
Kochi,2004,1A3E,,Natural gas,,,0.0
Kochi,2004,1A3E,,Oil,,,0.0
Kochi,2004,1A3E1,ABFLOW033,Coal,,,0.0
Kochi,2004,1A3E1,ABFLOW033,Natural gas,,,0.0
Kochi,2004,1A3E1,ABFLOW033,Oil,,,0.0
Kochi,2004,1A4,,Coal,,,0.0
Kochi,2004,1A4,,Natural gas,,,0.0
Kochi,2004,1A4,,Oil,,,0.0
Kochi,2004,1A4A,ABFLOW035,Coal,,,0.0
Kochi,2004,1A4A,ABFLOW035,Natural gas,,,0.0
Kochi,2004,1A4A,ABFLOW035,Oil,,,0.0
Kochi,2004,1A4B,ABFLOW034,Coal,,,0.0
Kochi,2004,1A4B,ABFLOW034,Natural gas,,,0.0
Kochi,2004,1A4B,ABFLOW034,Oil,,,0.0
Kochi,2004,1A4C,,Coal,,,0.0
Kochi,2004,1A4C,,Natural gas,,,0.0
Kochi,2004,1A4C,,Oil,,,0.0
Kochi,2004,1A4C1,ABFLOW036,Coal,,,0.0
Kochi,2004,1A4C1,ABFLOW036,Natural gas,,,0.0
Kochi,2004,1A4C1,ABFLOW036,Oil,,,0.0
Kochi,2004,1A4C2,ABFLOW037,Coal,,,0.0
Kochi,2004,1A4C2,ABFLOW037,Natural gas,,,0.0
Kochi,2004,1A4C2,ABFLOW037,Oil,,,0.0
Kochi,2004,1A4C3,,Coal,,,0.0
Kochi,2004,1A4C3,,Natural gas,,,0.0
Kochi,2004,1A4C3,,Oil,,,0.0
Kochi,2004,1A5,ABFLOW038,Coal,,,0.0
Kochi,2004,1A5,ABFLOW038,Natural gas,,,0.0
Kochi,2004,1A5,ABFLOW038,Oil,,,0.0
Kochi,2004,1A5A,,Coal,,,0.0
Kochi,2004,1A5A,,Natural gas,,,0.0
Kochi,2004,1A5A,,Oil,,,0.0
Kochi,2004,1A5B,,Coal,,,0.0
Kochi,2004,1A5B,,Natural gas,,,0.0
Kochi,2004,1A5B,,Oil,,,0.0
Kochi,2004,1A5C,,Coal,,,0.0
Kochi,2004,1A5C,,Natural gas,,,0.0
Kochi,2004,1A5C,,Oil,,,0.0
Kochi,2004,1B,,,,,0.0
Kochi,2004,1B1,,,,,0.0
Kochi,2004,1B1A,,,,,0.0
Kochi,2004,1B1A1,,,,,0.0
Kochi,2004,1B1A11,,,,,0.0
Kochi,2004,1B1A12,,,,,0.0
Kochi,2004,1B1A13,,,,,0.0
Kochi,2004,1B1A14,,,,,0.0
Kochi,2004,1B1A2,,,,,0.0
Kochi,2004,1B1A21,,,,,0.0
Kochi,2004,1B1A22,,,,,0.0
Kochi,2004,1B1B,,,,,0.0
Kochi,2004,1B2,,,,,0.0
Kochi,2004,1B2A,,,,,0.0
Kochi,2004,1B2A1,,,,,0.0
Kochi,2004,1B2A2,,,,,0.0
Kochi,2004,1B2A3,,,,,0.0
Kochi,2004,1B2A31,,,,,0.0
Kochi,2004,1B2A32,,,,,0.0
Kochi,2004,1B2A33,,,,,0.0
Kochi,2004,1B2A34,,,,,0.0
Kochi,2004,1B2A35,,,,,0.0
Kochi,2004,1B2A36,,,,,0.0
Kochi,2004,1B2B,,,,,0.0
Kochi,2004,1B2B1,,,,,0.0
Kochi,2004,1B2B2,,,,,0.0
Kochi,2004,1B2B3,,,,,0.0
Kochi,2004,1B2B31,,,,,0.0
Kochi,2004,1B2B32,,,,,0.0
Kochi,2004,1B2B33,,,,,0.0
Kochi,2004,1B2B34,,,,,0.0
Kochi,2004,1B2B35,,,,,0.0
Kochi,2004,1B2B36,,,,,0.0
Kochi,2004,1B3,,,,,0.0
Kochi,2004,1C,,,,,0.0
Kochi,2004,1C1,,,,,0.0
Kochi,2004,1C1A,,,,,0.0
Kochi,2004,1C1B,,,,,0.0
Kochi,2004,1C1C,,,,,0.0
Kochi,2004,1C2,,,,,0.0
Kochi,2004,1C2A,,,,,0.0
Kochi,2004,1C2B,,,,,0.0
Kochi,2004,1C3,,,,,0.0
Kochi,2004,2,,,,,0.0
Kochi,2004,20,,,,,0.0
Kochi,2004,200,,,,,0.0
Kochi,2004,2000,,,,,0.0
Kochi,2004,20000,,,,,0.0
Kochi,2004,200000,,,,,0.0
Kochi,2004,2A,,,,,0.0
Kochi,2004,2A1,,,,,0.0
Kochi,2004,2A2,,,,,0.0
Kochi,2004,2A3,,,,,0.0
Kochi,2004,2A4,,,,,0.0
Kochi,2004,2A4A,,,,,0.0
Kochi,2004,2A4B,,,,,0.0
Kochi,2004,2A4C,,,,,0.0
Kochi,2004,2A4D,,,,,0.0
Kochi,2004,2B,,,,,0.0
Kochi,2004,2B1,,,,,0.0
Kochi,2004,2B10,,,,,0.0
Kochi,2004,2B2,,,,,0.0
Kochi,2004,2B3,,,,,0.0
Kochi,2004,2B4,,,,,0.0
Kochi,2004,2B5,,,,,0.0
Kochi,2004,2B6,,,,,0.0
Kochi,2004,2B7,,,,,0.0
Kochi,2004,2B8,,,,,0.0
Kochi,2004,2B8A,,,,,0.0
Kochi,2004,2B8B,,,,,0.0
Kochi,2004,2B8C,,,,,0.0
Kochi,2004,2B8D,,,,,0.0
Kochi,2004,2B8E,,,,,0.0
Kochi,2004,2B8F,,,,,0.0
Kochi,2004,2B9,,,,,0.0
Kochi,2004,2B9A,,,,,0.0
Kochi,2004,2B9B,,,,,0.0
Kochi,2004,2C,,,,,0.0
Kochi,2004,2C1,,,,,0.0
Kochi,2004,2C2,,,,,0.0
Kochi,2004,2C3,,,,,0.0
Kochi,2004,2C4,,,,,0.0
Kochi,2004,2C5,,,,,0.0
Kochi,2004,2C6,,,,,0.0
Kochi,2004,2C7,,,,,0.0
Kochi,2004,2D,,,,,0.0
Kochi,2004,2D1,,,,,0.0
Kochi,2004,2D2,,,,,0.0
Kochi,2004,2D3,,,,,0.0
Kochi,2004,2D4,,,,,0.0
Kochi,2004,2E,,,,,0.0
Kochi,2004,2F,,,,,0.0
Kochi,2004,2F1,,,,,0.0
Kochi,2004,2F2,,,,,0.0
Kochi,2004,2F3,,,,,0.0
Kochi,2004,2F4,,,,,0.0
Kochi,2004,2F5,,,,,0.0
Kochi,2004,2F6,,,,,0.0
Kochi,2004,2G,,,,,0.0
Kochi,2004,2G1,,,,,0.0
Kochi,2004,2G2,,,,,0.0
Kochi,2004,2G3,,,,,0.0
Kochi,2004,2G4,,,,,0.0
Kochi,2004,2H,,,,,0.0
Kochi,2004,2H1,,,,,0.0
Kochi,2004,2H2,,,,,0.0
Kochi,2004,2H3,,,,,0.0
Kochi,2004,3,,,,,0.0
Kochi,2004,3A,,,,,0.0
Kochi,2004,3A1,,,,,0.0
Kochi,2004,3A2,,,,,0.0
Kochi,2004,3B,,,,,0.0
Kochi,2004,3B1,,,,,0.0
Kochi,2004,3B1A,,,,,0.0
Kochi,2004,3B1B,,,,,0.0
Kochi,2004,3B2,,,,,0.0
Kochi,2004,3B2A,,,,,0.0
Kochi,2004,3B2B,,,,,0.0
Kochi,2004,3B3,,,,,0.0
Kochi,2004,3B3A,,,,,0.0
Kochi,2004,3B3B,,,,,0.0
Kochi,2004,3B4,,,,,0.0
Kochi,2004,3B4A,,,,,0.0
Kochi,2004,3B4B,,,,,0.0
Kochi,2004,3B5,,,,,0.0
Kochi,2004,3B5A,,,,,0.0
Kochi,2004,3B5B,,,,,0.0
Kochi,2004,3B6,,,,,0.0
Kochi,2004,3B6A,,,,,0.0
Kochi,2004,3B6B,,,,,0.0
Kochi,2004,3B6B1,,,,,0.0
Kochi,2004,3B6B2,,,,,0.0
Kochi,2004,3B6B3,,,,,0.0
Kochi,2004,3B6B4,,,,,0.0
Kochi,2004,3B6B5,,,,,0.0
Kochi,2004,3C,,,,,0.0
Kochi,2004,3C1,,,,,0.0
Kochi,2004,3C2,,,,,0.0
Kochi,2004,3C3,,,,,0.0
Kochi,2004,3C4,,,,,0.0
Kochi,2004,3C5,,,,,0.0
Kochi,2004,3C6,,,,,0.0
Kochi,2004,3C7,,,,,0.0
Kochi,2004,3C8,,,,,0.0
Kochi,2004,3D,,,,,0.0
Kochi,2004,3D1,,,,,0.0
Kochi,2004,3D2,,,,,0.0
Kochi,2004,4,,,,,0.0
Kochi,2004,4A,,,,,0.0
Kochi,2004,4A1,,,,,0.0
Kochi,2004,4A2,,,,,0.0
Kochi,2004,4A3,,,,,0.0
Kochi,2004,4B,,,,,0.0
Kochi,2004,4C,,,,,0.0
Kochi,2004,4C1,,,,,0.0
Kochi,2004,4C2,,,,,0.0
Kochi,2004,4D,,,,,0.0
Kochi,2004,4D1,,,,,0.0
Kochi,2004,4D2,,,,,0.0
Kochi,2004,4E,,,,,0.0
Kochi,2004,5,,,,,0.0
Kochi,2004,5A,,,,,0.0
Kochi,2004,5A1,,,,,0.0
Kochi,2004,5A2,,,,,0.0
Kochi,2005,0,,,,,0.0
Kochi,2005,1,,,,,0.0
Kochi,2005,1A,ABFLOW001,Coal,,,0.0
Kochi,2005,1A,ABFLOW001,Natural gas,,,0.0
Kochi,2005,1A,ABFLOW001,Oil,,,0.0
Kochi,2005,1A1,,Coal,,,0.0
Kochi,2005,1A1,,Natural gas,,,0.0
Kochi,2005,1A1,,Oil,,,0.0
Kochi,2005,1A1A,ABFLOW002,Coal,,,0.0
Kochi,2005,1A1A,ABFLOW002,Natural gas,,,0.0
Kochi,2005,1A1A,ABFLOW002,Oil,,,0.0
Kochi,2005,1A1A1,ABFLOW003,Coal,,,0.0
Kochi,2005,1A1A1,ABFLOW003,Natural gas,,,0.0
Kochi,2005,1A1A1,ABFLOW003,Oil,,,0.0
Kochi,2005,1A1A2,ABFLOW004,Coal,,,0.0
Kochi,2005,1A1A2,ABFLOW004,Natural gas,,,0.0
Kochi,2005,1A1A2,ABFLOW004,Oil,,,0.0
Kochi,2005,1A1A3,ABFLOW005,Coal,,,0.0
Kochi,2005,1A1A3,ABFLOW005,Natural gas,,,0.0
Kochi,2005,1A1A3,ABFLOW005,Oil,,,0.0
Kochi,2005,1A1B,ABFLOW011,Coal,,,0.0
Kochi,2005,1A1B,ABFLOW011,Natural gas,,,0.0
Kochi,2005,1A1B,ABFLOW011,Oil,,,0.0
Kochi,2005,1A1C,ABFLOW011,Coal,,,0.0
Kochi,2005,1A1C,ABFLOW011,Natural gas,,,0.0
Kochi,2005,1A1C,ABFLOW011,Oil,,,0.0
Kochi,2005,1A2,ABFLOW012,Coal,,,0.0
Kochi,2005,1A2,ABFLOW012,Natural gas,,,0.0
Kochi,2005,1A2,ABFLOW012,Oil,,,0.0
Kochi,2005,1A2A,ABFLOW016,Coal,,,0.0
Kochi,2005,1A2A,ABFLOW016,Natural gas,,,0.0
Kochi,2005,1A2A,ABFLOW016,Oil,,,0.0
Kochi,2005,1A2B,ABFLOW018,Coal,,,0.0
Kochi,2005,1A2B,ABFLOW018,Natural gas,,,0.0
Kochi,2005,1A2B,ABFLOW018,Oil,,,0.0
Kochi,2005,1A2C,ABFLOW017,Coal,,,0.0
Kochi,2005,1A2C,ABFLOW017,Natural gas,,,0.0
Kochi,2005,1A2C,ABFLOW017,Oil,,,0.0
Kochi,2005,1A2D,ABFLOW023,Coal,,,0.0
Kochi,2005,1A2D,ABFLOW023,Natural gas,,,0.0
Kochi,2005,1A2D,ABFLOW023,Oil,,,0.0
Kochi,2005,1A2E,ABFLOW022,Coal,,,0.0
Kochi,2005,1A2E,ABFLOW022,Natural gas,,,0.0
Kochi,2005,1A2E,ABFLOW022,Oil,,,0.0
Kochi,2005,1A2F,ABFLOW019,Coal,,,0.0
Kochi,2005,1A2F,ABFLOW019,Natural gas,,,0.0
Kochi,2005,1A2F,ABFLOW019,Oil,,,0.0
Kochi,2005,1A2G,ABFLOW020,Coal,,,0.0
Kochi,2005,1A2G,ABFLOW020,Natural gas,,,0.0
Kochi,2005,1A2G,ABFLOW020,Oil,,,0.0
Kochi,2005,1A2H,ABFLOW021,Coal,,,0.0
Kochi,2005,1A2H,ABFLOW021,Natural gas,,,0.0
Kochi,2005,1A2H,ABFLOW021,Oil,,,0.0
Kochi,2005,1A2I,ABFLOW013,Coal,,,0.0
Kochi,2005,1A2I,ABFLOW013,Natural gas,,,0.0
Kochi,2005,1A2I,ABFLOW013,Oil,,,0.0
Kochi,2005,1A2J,ABFLOW024,Coal,,,0.0
Kochi,2005,1A2J,ABFLOW024,Natural gas,,,0.0
Kochi,2005,1A2J,ABFLOW024,Oil,,,0.0
Kochi,2005,1A2K,ABFLOW014,Coal,,,0.0
Kochi,2005,1A2K,ABFLOW014,Natural gas,,,0.0
Kochi,2005,1A2K,ABFLOW014,Oil,,,0.0
Kochi,2005,1A2L,ABFLOW025,Coal,,,0.0
Kochi,2005,1A2L,ABFLOW025,Natural gas,,,0.0
Kochi,2005,1A2L,ABFLOW025,Oil,,,0.0
Kochi,2005,1A2M,ABFLOW026,Coal,,,0.0
Kochi,2005,1A2M,ABFLOW026,Natural gas,,,0.0
Kochi,2005,1A2M,ABFLOW026,Oil,,,0.0
Kochi,2005,1A3,ABFLOW027,Coal,,,0.0
Kochi,2005,1A3,ABFLOW027,Natural gas,,,0.0
Kochi,2005,1A3,ABFLOW027,Oil,,,0.0
Kochi,2005,1A3A,,Coal,,,0.0
Kochi,2005,1A3A,,Natural gas,,,0.0
Kochi,2005,1A3A,,Oil,,,0.0
Kochi,2005,1A3A1,ABFLOW040,Coal,,,0.0
Kochi,2005,1A3A1,ABFLOW040,Natural gas,,,0.0
Kochi,2005,1A3A1,ABFLOW040,Oil,,,0.0
Kochi,2005,1A3A2,ABFLOW029,Coal,,,0.0
Kochi,2005,1A3A2,ABFLOW029,Natural gas,,,0.0
Kochi,2005,1A3A2,ABFLOW029,Oil,,,0.0
Kochi,2005,1A3B,ABFLOW028,Coal,,,0.0
Kochi,2005,1A3B,ABFLOW028,Natural gas,,,0.0
Kochi,2005,1A3B,ABFLOW028,Oil,,,0.0
Kochi,2005,1A3C,ABFLOW030,Coal,,,0.0
Kochi,2005,1A3C,ABFLOW030,Natural gas,,,0.0
Kochi,2005,1A3C,ABFLOW030,Oil,,,0.0
Kochi,2005,1A3D,,Coal,,,0.0
Kochi,2005,1A3D,,Natural gas,,,0.0
Kochi,2005,1A3D,,Oil,,,0.0
Kochi,2005,1A3D1,ABFLOW039,Coal,,,0.0
Kochi,2005,1A3D1,ABFLOW039,Natural gas,,,0.0
Kochi,2005,1A3D1,ABFLOW039,Oil,,,0.0
Kochi,2005,1A3D2,ABFLOW032,Coal,,,0.0
Kochi,2005,1A3D2,ABFLOW032,Natural gas,,,0.0
Kochi,2005,1A3D2,ABFLOW032,Oil,,,0.0
Kochi,2005,1A3E,,Coal,,,0.0
Kochi,2005,1A3E,,Natural gas,,,0.0
Kochi,2005,1A3E,,Oil,,,0.0
Kochi,2005,1A3E1,ABFLOW033,Coal,,,0.0
Kochi,2005,1A3E1,ABFLOW033,Natural gas,,,0.0
Kochi,2005,1A3E1,ABFLOW033,Oil,,,0.0
Kochi,2005,1A4,,Coal,,,0.0
Kochi,2005,1A4,,Natural gas,,,0.0
Kochi,2005,1A4,,Oil,,,0.0
Kochi,2005,1A4A,ABFLOW035,Coal,,,0.0
Kochi,2005,1A4A,ABFLOW035,Natural gas,,,0.0
Kochi,2005,1A4A,ABFLOW035,Oil,,,0.0
Kochi,2005,1A4B,ABFLOW034,Coal,,,0.0
Kochi,2005,1A4B,ABFLOW034,Natural gas,,,0.0
Kochi,2005,1A4B,ABFLOW034,Oil,,,0.0
Kochi,2005,1A4C,,Coal,,,0.0
Kochi,2005,1A4C,,Natural gas,,,0.0
Kochi,2005,1A4C,,Oil,,,0.0
Kochi,2005,1A4C1,ABFLOW036,Coal,,,0.0
Kochi,2005,1A4C1,ABFLOW036,Natural gas,,,0.0
Kochi,2005,1A4C1,ABFLOW036,Oil,,,0.0
Kochi,2005,1A4C2,ABFLOW037,Coal,,,0.0
Kochi,2005,1A4C2,ABFLOW037,Natural gas,,,0.0
Kochi,2005,1A4C2,ABFLOW037,Oil,,,0.0
Kochi,2005,1A4C3,,Coal,,,0.0
Kochi,2005,1A4C3,,Natural gas,,,0.0
Kochi,2005,1A4C3,,Oil,,,0.0
Kochi,2005,1A5,ABFLOW038,Coal,,,0.0
Kochi,2005,1A5,ABFLOW038,Natural gas,,,0.0
Kochi,2005,1A5,ABFLOW038,Oil,,,0.0
Kochi,2005,1A5A,,Coal,,,0.0
Kochi,2005,1A5A,,Natural gas,,,0.0
Kochi,2005,1A5A,,Oil,,,0.0
Kochi,2005,1A5B,,Coal,,,0.0
Kochi,2005,1A5B,,Natural gas,,,0.0
Kochi,2005,1A5B,,Oil,,,0.0
Kochi,2005,1A5C,,Coal,,,0.0
Kochi,2005,1A5C,,Natural gas,,,0.0
Kochi,2005,1A5C,,Oil,,,0.0
Kochi,2005,1B,,,,,0.0
Kochi,2005,1B1,,,,,0.0
Kochi,2005,1B1A,,,,,0.0
Kochi,2005,1B1A1,,,,,0.0
Kochi,2005,1B1A11,,,,,0.0
Kochi,2005,1B1A12,,,,,0.0
Kochi,2005,1B1A13,,,,,0.0
Kochi,2005,1B1A14,,,,,0.0
Kochi,2005,1B1A2,,,,,0.0
Kochi,2005,1B1A21,,,,,0.0
Kochi,2005,1B1A22,,,,,0.0
Kochi,2005,1B1B,,,,,0.0
Kochi,2005,1B2,,,,,0.0
Kochi,2005,1B2A,,,,,0.0
Kochi,2005,1B2A1,,,,,0.0
Kochi,2005,1B2A2,,,,,0.0
Kochi,2005,1B2A3,,,,,0.0
Kochi,2005,1B2A31,,,,,0.0
Kochi,2005,1B2A32,,,,,0.0
Kochi,2005,1B2A33,,,,,0.0
Kochi,2005,1B2A34,,,,,0.0
Kochi,2005,1B2A35,,,,,0.0
Kochi,2005,1B2A36,,,,,0.0
Kochi,2005,1B2B,,,,,0.0
Kochi,2005,1B2B1,,,,,0.0
Kochi,2005,1B2B2,,,,,0.0
Kochi,2005,1B2B3,,,,,0.0
Kochi,2005,1B2B31,,,,,0.0
Kochi,2005,1B2B32,,,,,0.0
Kochi,2005,1B2B33,,,,,0.0
Kochi,2005,1B2B34,,,,,0.0
Kochi,2005,1B2B35,,,,,0.0
Kochi,2005,1B2B36,,,,,0.0
Kochi,2005,1B3,,,,,0.0
Kochi,2005,1C,,,,,0.0
Kochi,2005,1C1,,,,,0.0
Kochi,2005,1C1A,,,,,0.0
Kochi,2005,1C1B,,,,,0.0
Kochi,2005,1C1C,,,,,0.0
Kochi,2005,1C2,,,,,0.0
Kochi,2005,1C2A,,,,,0.0
Kochi,2005,1C2B,,,,,0.0
Kochi,2005,1C3,,,,,0.0
Kochi,2005,2,,,,,0.0
Kochi,2005,20,,,,,0.0
Kochi,2005,200,,,,,0.0
Kochi,2005,2000,,,,,0.0
Kochi,2005,20000,,,,,0.0
Kochi,2005,200000,,,,,0.0
Kochi,2005,2A,,,,,0.0
Kochi,2005,2A1,,,,,0.0
Kochi,2005,2A2,,,,,0.0
Kochi,2005,2A3,,,,,0.0
Kochi,2005,2A4,,,,,0.0
Kochi,2005,2A4A,,,,,0.0
Kochi,2005,2A4B,,,,,0.0
Kochi,2005,2A4C,,,,,0.0
Kochi,2005,2A4D,,,,,0.0
Kochi,2005,2B,,,,,0.0
Kochi,2005,2B1,,,,,0.0
Kochi,2005,2B10,,,,,0.0
Kochi,2005,2B2,,,,,0.0
Kochi,2005,2B3,,,,,0.0
Kochi,2005,2B4,,,,,0.0
Kochi,2005,2B5,,,,,0.0
Kochi,2005,2B6,,,,,0.0
Kochi,2005,2B7,,,,,0.0
Kochi,2005,2B8,,,,,0.0
Kochi,2005,2B8A,,,,,0.0
Kochi,2005,2B8B,,,,,0.0
Kochi,2005,2B8C,,,,,0.0
Kochi,2005,2B8D,,,,,0.0
Kochi,2005,2B8E,,,,,0.0
Kochi,2005,2B8F,,,,,0.0
Kochi,2005,2B9,,,,,0.0
Kochi,2005,2B9A,,,,,0.0
Kochi,2005,2B9B,,,,,0.0
Kochi,2005,2C,,,,,0.0
Kochi,2005,2C1,,,,,0.0
Kochi,2005,2C2,,,,,0.0
Kochi,2005,2C3,,,,,0.0
Kochi,2005,2C4,,,,,0.0
Kochi,2005,2C5,,,,,0.0
Kochi,2005,2C6,,,,,0.0
Kochi,2005,2C7,,,,,0.0
Kochi,2005,2D,,,,,0.0
Kochi,2005,2D1,,,,,0.0
Kochi,2005,2D2,,,,,0.0
Kochi,2005,2D3,,,,,0.0
Kochi,2005,2D4,,,,,0.0
Kochi,2005,2E,,,,,0.0
Kochi,2005,2F,,,,,0.0
Kochi,2005,2F1,,,,,0.0
Kochi,2005,2F2,,,,,0.0
Kochi,2005,2F3,,,,,0.0
Kochi,2005,2F4,,,,,0.0
Kochi,2005,2F5,,,,,0.0
Kochi,2005,2F6,,,,,0.0
Kochi,2005,2G,,,,,0.0
Kochi,2005,2G1,,,,,0.0
Kochi,2005,2G2,,,,,0.0
Kochi,2005,2G3,,,,,0.0
Kochi,2005,2G4,,,,,0.0
Kochi,2005,2H,,,,,0.0
Kochi,2005,2H1,,,,,0.0
Kochi,2005,2H2,,,,,0.0
Kochi,2005,2H3,,,,,0.0
Kochi,2005,3,,,,,0.0
Kochi,2005,3A,,,,,0.0
Kochi,2005,3A1,,,,,0.0
Kochi,2005,3A2,,,,,0.0
Kochi,2005,3B,,,,,0.0
Kochi,2005,3B1,,,,,0.0
Kochi,2005,3B1A,,,,,0.0
Kochi,2005,3B1B,,,,,0.0
Kochi,2005,3B2,,,,,0.0
Kochi,2005,3B2A,,,,,0.0
Kochi,2005,3B2B,,,,,0.0
Kochi,2005,3B3,,,,,0.0
Kochi,2005,3B3A,,,,,0.0
Kochi,2005,3B3B,,,,,0.0
Kochi,2005,3B4,,,,,0.0
Kochi,2005,3B4A,,,,,0.0
Kochi,2005,3B4B,,,,,0.0
Kochi,2005,3B5,,,,,0.0
Kochi,2005,3B5A,,,,,0.0
Kochi,2005,3B5B,,,,,0.0
Kochi,2005,3B6,,,,,0.0
Kochi,2005,3B6A,,,,,0.0
Kochi,2005,3B6B,,,,,0.0
Kochi,2005,3B6B1,,,,,0.0
Kochi,2005,3B6B2,,,,,0.0
Kochi,2005,3B6B3,,,,,0.0
Kochi,2005,3B6B4,,,,,0.0
Kochi,2005,3B6B5,,,,,0.0
Kochi,2005,3C,,,,,0.0
Kochi,2005,3C1,,,,,0.0
Kochi,2005,3C2,,,,,0.0
Kochi,2005,3C3,,,,,0.0
Kochi,2005,3C4,,,,,0.0
Kochi,2005,3C5,,,,,0.0
Kochi,2005,3C6,,,,,0.0
Kochi,2005,3C7,,,,,0.0
Kochi,2005,3C8,,,,,0.0
Kochi,2005,3D,,,,,0.0
Kochi,2005,3D1,,,,,0.0
Kochi,2005,3D2,,,,,0.0
Kochi,2005,4,,,,,0.0
Kochi,2005,4A,,,,,0.0
Kochi,2005,4A1,,,,,0.0
Kochi,2005,4A2,,,,,0.0
Kochi,2005,4A3,,,,,0.0
Kochi,2005,4B,,,,,0.0
Kochi,2005,4C,,,,,0.0
Kochi,2005,4C1,,,,,0.0
Kochi,2005,4C2,,,,,0.0
Kochi,2005,4D,,,,,0.0
Kochi,2005,4D1,,,,,0.0
Kochi,2005,4D2,,,,,0.0
Kochi,2005,4E,,,,,0.0
Kochi,2005,5,,,,,0.0
Kochi,2005,5A,,,,,0.0
Kochi,2005,5A1,,,,,0.0
Kochi,2005,5A2,,,,,0.0
Kochi,2006,0,,,,,0.0
Kochi,2006,1,,,,,0.0
Kochi,2006,1A,ABFLOW001,Coal,,,0.0
Kochi,2006,1A,ABFLOW001,Natural gas,,,0.0
Kochi,2006,1A,ABFLOW001,Oil,,,0.0
Kochi,2006,1A1,,Coal,,,0.0
Kochi,2006,1A1,,Natural gas,,,0.0
Kochi,2006,1A1,,Oil,,,0.0
Kochi,2006,1A1A,ABFLOW002,Coal,,,0.0
Kochi,2006,1A1A,ABFLOW002,Natural gas,,,0.0
Kochi,2006,1A1A,ABFLOW002,Oil,,,0.0
Kochi,2006,1A1A1,ABFLOW003,Coal,,,0.0
Kochi,2006,1A1A1,ABFLOW003,Natural gas,,,0.0
Kochi,2006,1A1A1,ABFLOW003,Oil,,,0.0
Kochi,2006,1A1A2,ABFLOW004,Coal,,,0.0
Kochi,2006,1A1A2,ABFLOW004,Natural gas,,,0.0
Kochi,2006,1A1A2,ABFLOW004,Oil,,,0.0
Kochi,2006,1A1A3,ABFLOW005,Coal,,,0.0
Kochi,2006,1A1A3,ABFLOW005,Natural gas,,,0.0
Kochi,2006,1A1A3,ABFLOW005,Oil,,,0.0
Kochi,2006,1A1B,ABFLOW011,Coal,,,0.0
Kochi,2006,1A1B,ABFLOW011,Natural gas,,,0.0
Kochi,2006,1A1B,ABFLOW011,Oil,,,0.0
Kochi,2006,1A1C,ABFLOW011,Coal,,,0.0
Kochi,2006,1A1C,ABFLOW011,Natural gas,,,0.0
Kochi,2006,1A1C,ABFLOW011,Oil,,,0.0
Kochi,2006,1A2,ABFLOW012,Coal,,,0.0
Kochi,2006,1A2,ABFLOW012,Natural gas,,,0.0
Kochi,2006,1A2,ABFLOW012,Oil,,,0.0
Kochi,2006,1A2A,ABFLOW016,Coal,,,0.0
Kochi,2006,1A2A,ABFLOW016,Natural gas,,,0.0
Kochi,2006,1A2A,ABFLOW016,Oil,,,0.0
Kochi,2006,1A2B,ABFLOW018,Coal,,,0.0
Kochi,2006,1A2B,ABFLOW018,Natural gas,,,0.0
Kochi,2006,1A2B,ABFLOW018,Oil,,,0.0
Kochi,2006,1A2C,ABFLOW017,Coal,,,0.0
Kochi,2006,1A2C,ABFLOW017,Natural gas,,,0.0
Kochi,2006,1A2C,ABFLOW017,Oil,,,0.0
Kochi,2006,1A2D,ABFLOW023,Coal,,,0.0
Kochi,2006,1A2D,ABFLOW023,Natural gas,,,0.0
Kochi,2006,1A2D,ABFLOW023,Oil,,,0.0
Kochi,2006,1A2E,ABFLOW022,Coal,,,0.0
Kochi,2006,1A2E,ABFLOW022,Natural gas,,,0.0
Kochi,2006,1A2E,ABFLOW022,Oil,,,0.0
Kochi,2006,1A2F,ABFLOW019,Coal,,,0.0
Kochi,2006,1A2F,ABFLOW019,Natural gas,,,0.0
Kochi,2006,1A2F,ABFLOW019,Oil,,,0.0
Kochi,2006,1A2G,ABFLOW020,Coal,,,0.0
Kochi,2006,1A2G,ABFLOW020,Natural gas,,,0.0
Kochi,2006,1A2G,ABFLOW020,Oil,,,0.0
Kochi,2006,1A2H,ABFLOW021,Coal,,,0.0
Kochi,2006,1A2H,ABFLOW021,Natural gas,,,0.0
Kochi,2006,1A2H,ABFLOW021,Oil,,,0.0
Kochi,2006,1A2I,ABFLOW013,Coal,,,0.0
Kochi,2006,1A2I,ABFLOW013,Natural gas,,,0.0
Kochi,2006,1A2I,ABFLOW013,Oil,,,0.0
Kochi,2006,1A2J,ABFLOW024,Coal,,,0.0
Kochi,2006,1A2J,ABFLOW024,Natural gas,,,0.0
Kochi,2006,1A2J,ABFLOW024,Oil,,,0.0
Kochi,2006,1A2K,ABFLOW014,Coal,,,0.0
Kochi,2006,1A2K,ABFLOW014,Natural gas,,,0.0
Kochi,2006,1A2K,ABFLOW014,Oil,,,0.0
Kochi,2006,1A2L,ABFLOW025,Coal,,,0.0
Kochi,2006,1A2L,ABFLOW025,Natural gas,,,0.0
Kochi,2006,1A2L,ABFLOW025,Oil,,,0.0
Kochi,2006,1A2M,ABFLOW026,Coal,,,0.0
Kochi,2006,1A2M,ABFLOW026,Natural gas,,,0.0
Kochi,2006,1A2M,ABFLOW026,Oil,,,0.0
Kochi,2006,1A3,ABFLOW027,Coal,,,0.0
Kochi,2006,1A3,ABFLOW027,Natural gas,,,0.0
Kochi,2006,1A3,ABFLOW027,Oil,,,0.0
Kochi,2006,1A3A,,Coal,,,0.0
Kochi,2006,1A3A,,Natural gas,,,0.0
Kochi,2006,1A3A,,Oil,,,0.0
Kochi,2006,1A3A1,ABFLOW040,Coal,,,0.0
Kochi,2006,1A3A1,ABFLOW040,Natural gas,,,0.0
Kochi,2006,1A3A1,ABFLOW040,Oil,,,0.0
Kochi,2006,1A3A2,ABFLOW029,Coal,,,0.0
Kochi,2006,1A3A2,ABFLOW029,Natural gas,,,0.0
Kochi,2006,1A3A2,ABFLOW029,Oil,,,0.0
Kochi,2006,1A3B,ABFLOW028,Coal,,,0.0
Kochi,2006,1A3B,ABFLOW028,Natural gas,,,0.0
Kochi,2006,1A3B,ABFLOW028,Oil,,,0.0
Kochi,2006,1A3C,ABFLOW030,Coal,,,0.0
Kochi,2006,1A3C,ABFLOW030,Natural gas,,,0.0
Kochi,2006,1A3C,ABFLOW030,Oil,,,0.0
Kochi,2006,1A3D,,Coal,,,0.0
Kochi,2006,1A3D,,Natural gas,,,0.0
Kochi,2006,1A3D,,Oil,,,0.0
Kochi,2006,1A3D1,ABFLOW039,Coal,,,0.0
Kochi,2006,1A3D1,ABFLOW039,Natural gas,,,0.0
Kochi,2006,1A3D1,ABFLOW039,Oil,,,0.0
Kochi,2006,1A3D2,ABFLOW032,Coal,,,0.0
Kochi,2006,1A3D2,ABFLOW032,Natural gas,,,0.0
Kochi,2006,1A3D2,ABFLOW032,Oil,,,0.0
Kochi,2006,1A3E,,Coal,,,0.0
Kochi,2006,1A3E,,Natural gas,,,0.0
Kochi,2006,1A3E,,Oil,,,0.0
Kochi,2006,1A3E1,ABFLOW033,Coal,,,0.0
Kochi,2006,1A3E1,ABFLOW033,Natural gas,,,0.0
Kochi,2006,1A3E1,ABFLOW033,Oil,,,0.0
Kochi,2006,1A4,,Coal,,,0.0
Kochi,2006,1A4,,Natural gas,,,0.0
Kochi,2006,1A4,,Oil,,,0.0
Kochi,2006,1A4A,ABFLOW035,Coal,,,0.0
Kochi,2006,1A4A,ABFLOW035,Natural gas,,,0.0
Kochi,2006,1A4A,ABFLOW035,Oil,,,0.0
Kochi,2006,1A4B,ABFLOW034,Coal,,,0.0
Kochi,2006,1A4B,ABFLOW034,Natural gas,,,0.0
Kochi,2006,1A4B,ABFLOW034,Oil,,,0.0
Kochi,2006,1A4C,,Coal,,,0.0
Kochi,2006,1A4C,,Natural gas,,,0.0
Kochi,2006,1A4C,,Oil,,,0.0
Kochi,2006,1A4C1,ABFLOW036,Coal,,,0.0
Kochi,2006,1A4C1,ABFLOW036,Natural gas,,,0.0
Kochi,2006,1A4C1,ABFLOW036,Oil,,,0.0
Kochi,2006,1A4C2,ABFLOW037,Coal,,,0.0
Kochi,2006,1A4C2,ABFLOW037,Natural gas,,,0.0
Kochi,2006,1A4C2,ABFLOW037,Oil,,,0.0
Kochi,2006,1A4C3,,Coal,,,0.0
Kochi,2006,1A4C3,,Natural gas,,,0.0
Kochi,2006,1A4C3,,Oil,,,0.0
Kochi,2006,1A5,ABFLOW038,Coal,,,0.0
Kochi,2006,1A5,ABFLOW038,Natural gas,,,0.0
Kochi,2006,1A5,ABFLOW038,Oil,,,0.0
Kochi,2006,1A5A,,Coal,,,0.0
Kochi,2006,1A5A,,Natural gas,,,0.0
Kochi,2006,1A5A,,Oil,,,0.0
Kochi,2006,1A5B,,Coal,,,0.0
Kochi,2006,1A5B,,Natural gas,,,0.0
Kochi,2006,1A5B,,Oil,,,0.0
Kochi,2006,1A5C,,Coal,,,0.0
Kochi,2006,1A5C,,Natural gas,,,0.0
Kochi,2006,1A5C,,Oil,,,0.0
Kochi,2006,1B,,,,,0.0
Kochi,2006,1B1,,,,,0.0
Kochi,2006,1B1A,,,,,0.0
Kochi,2006,1B1A1,,,,,0.0
Kochi,2006,1B1A11,,,,,0.0
Kochi,2006,1B1A12,,,,,0.0
Kochi,2006,1B1A13,,,,,0.0
Kochi,2006,1B1A14,,,,,0.0
Kochi,2006,1B1A2,,,,,0.0
Kochi,2006,1B1A21,,,,,0.0
Kochi,2006,1B1A22,,,,,0.0
Kochi,2006,1B1B,,,,,0.0
Kochi,2006,1B2,,,,,0.0
Kochi,2006,1B2A,,,,,0.0
Kochi,2006,1B2A1,,,,,0.0
Kochi,2006,1B2A2,,,,,0.0
Kochi,2006,1B2A3,,,,,0.0
Kochi,2006,1B2A31,,,,,0.0
Kochi,2006,1B2A32,,,,,0.0
Kochi,2006,1B2A33,,,,,0.0
Kochi,2006,1B2A34,,,,,0.0
Kochi,2006,1B2A35,,,,,0.0
Kochi,2006,1B2A36,,,,,0.0
Kochi,2006,1B2B,,,,,0.0
Kochi,2006,1B2B1,,,,,0.0
Kochi,2006,1B2B2,,,,,0.0
Kochi,2006,1B2B3,,,,,0.0
Kochi,2006,1B2B31,,,,,0.0
Kochi,2006,1B2B32,,,,,0.0
Kochi,2006,1B2B33,,,,,0.0
Kochi,2006,1B2B34,,,,,0.0
Kochi,2006,1B2B35,,,,,0.0
Kochi,2006,1B2B36,,,,,0.0
Kochi,2006,1B3,,,,,0.0
Kochi,2006,1C,,,,,0.0
Kochi,2006,1C1,,,,,0.0
Kochi,2006,1C1A,,,,,0.0
Kochi,2006,1C1B,,,,,0.0
Kochi,2006,1C1C,,,,,0.0
Kochi,2006,1C2,,,,,0.0
Kochi,2006,1C2A,,,,,0.0
Kochi,2006,1C2B,,,,,0.0
Kochi,2006,1C3,,,,,0.0
Kochi,2006,2,,,,,0.0
Kochi,2006,20,,,,,0.0
Kochi,2006,200,,,,,0.0
Kochi,2006,2000,,,,,0.0
Kochi,2006,20000,,,,,0.0
Kochi,2006,200000,,,,,0.0
Kochi,2006,2A,,,,,0.0
Kochi,2006,2A1,,,,,0.0
Kochi,2006,2A2,,,,,0.0
Kochi,2006,2A3,,,,,0.0
Kochi,2006,2A4,,,,,0.0
Kochi,2006,2A4A,,,,,0.0
Kochi,2006,2A4B,,,,,0.0
Kochi,2006,2A4C,,,,,0.0
Kochi,2006,2A4D,,,,,0.0
Kochi,2006,2B,,,,,0.0
Kochi,2006,2B1,,,,,0.0
Kochi,2006,2B10,,,,,0.0
Kochi,2006,2B2,,,,,0.0
Kochi,2006,2B3,,,,,0.0
Kochi,2006,2B4,,,,,0.0
Kochi,2006,2B5,,,,,0.0
Kochi,2006,2B6,,,,,0.0
Kochi,2006,2B7,,,,,0.0
Kochi,2006,2B8,,,,,0.0
Kochi,2006,2B8A,,,,,0.0
Kochi,2006,2B8B,,,,,0.0
Kochi,2006,2B8C,,,,,0.0
Kochi,2006,2B8D,,,,,0.0
Kochi,2006,2B8E,,,,,0.0
Kochi,2006,2B8F,,,,,0.0
Kochi,2006,2B9,,,,,0.0
Kochi,2006,2B9A,,,,,0.0
Kochi,2006,2B9B,,,,,0.0
Kochi,2006,2C,,,,,0.0
Kochi,2006,2C1,,,,,0.0
Kochi,2006,2C2,,,,,0.0
Kochi,2006,2C3,,,,,0.0
Kochi,2006,2C4,,,,,0.0
Kochi,2006,2C5,,,,,0.0
Kochi,2006,2C6,,,,,0.0
Kochi,2006,2C7,,,,,0.0
Kochi,2006,2D,,,,,0.0
Kochi,2006,2D1,,,,,0.0
Kochi,2006,2D2,,,,,0.0
Kochi,2006,2D3,,,,,0.0
Kochi,2006,2D4,,,,,0.0
Kochi,2006,2E,,,,,0.0
Kochi,2006,2F,,,,,0.0
Kochi,2006,2F1,,,,,0.0
Kochi,2006,2F2,,,,,0.0
Kochi,2006,2F3,,,,,0.0
Kochi,2006,2F4,,,,,0.0
Kochi,2006,2F5,,,,,0.0
Kochi,2006,2F6,,,,,0.0
Kochi,2006,2G,,,,,0.0
Kochi,2006,2G1,,,,,0.0
Kochi,2006,2G2,,,,,0.0
Kochi,2006,2G3,,,,,0.0
Kochi,2006,2G4,,,,,0.0
Kochi,2006,2H,,,,,0.0
Kochi,2006,2H1,,,,,0.0
Kochi,2006,2H2,,,,,0.0
Kochi,2006,2H3,,,,,0.0
Kochi,2006,3,,,,,0.0
Kochi,2006,3A,,,,,0.0
Kochi,2006,3A1,,,,,0.0
Kochi,2006,3A2,,,,,0.0
Kochi,2006,3B,,,,,0.0
Kochi,2006,3B1,,,,,0.0
Kochi,2006,3B1A,,,,,0.0
Kochi,2006,3B1B,,,,,0.0
Kochi,2006,3B2,,,,,0.0
Kochi,2006,3B2A,,,,,0.0
Kochi,2006,3B2B,,,,,0.0
Kochi,2006,3B3,,,,,0.0
Kochi,2006,3B3A,,,,,0.0
Kochi,2006,3B3B,,,,,0.0
Kochi,2006,3B4,,,,,0.0
Kochi,2006,3B4A,,,,,0.0
Kochi,2006,3B4B,,,,,0.0
Kochi,2006,3B5,,,,,0.0
Kochi,2006,3B5A,,,,,0.0
Kochi,2006,3B5B,,,,,0.0
Kochi,2006,3B6,,,,,0.0
Kochi,2006,3B6A,,,,,0.0
Kochi,2006,3B6B,,,,,0.0
Kochi,2006,3B6B1,,,,,0.0
Kochi,2006,3B6B2,,,,,0.0
Kochi,2006,3B6B3,,,,,0.0
Kochi,2006,3B6B4,,,,,0.0
Kochi,2006,3B6B5,,,,,0.0
Kochi,2006,3C,,,,,0.0
Kochi,2006,3C1,,,,,0.0
Kochi,2006,3C2,,,,,0.0
Kochi,2006,3C3,,,,,0.0
Kochi,2006,3C4,,,,,0.0
Kochi,2006,3C5,,,,,0.0
Kochi,2006,3C6,,,,,0.0
Kochi,2006,3C7,,,,,0.0
Kochi,2006,3C8,,,,,0.0
Kochi,2006,3D,,,,,0.0
Kochi,2006,3D1,,,,,0.0
Kochi,2006,3D2,,,,,0.0
Kochi,2006,4,,,,,0.0
Kochi,2006,4A,,,,,0.0
Kochi,2006,4A1,,,,,0.0
Kochi,2006,4A2,,,,,0.0
Kochi,2006,4A3,,,,,0.0
Kochi,2006,4B,,,,,0.0
Kochi,2006,4C,,,,,0.0
Kochi,2006,4C1,,,,,0.0
Kochi,2006,4C2,,,,,0.0
Kochi,2006,4D,,,,,0.0
Kochi,2006,4D1,,,,,0.0
Kochi,2006,4D2,,,,,0.0
Kochi,2006,4E,,,,,0.0
Kochi,2006,5,,,,,0.0
Kochi,2006,5A,,,,,0.0
Kochi,2006,5A1,,,,,0.0
Kochi,2006,5A2,,,,,0.0
Kochi,2007,0,,,,,0.0
Kochi,2007,1,,,,,0.0
Kochi,2007,1A,ABFLOW001,Coal,,,0.0
Kochi,2007,1A,ABFLOW001,Natural gas,,,0.0
Kochi,2007,1A,ABFLOW001,Oil,,,0.0
Kochi,2007,1A1,,Coal,,,0.0
Kochi,2007,1A1,,Natural gas,,,0.0
Kochi,2007,1A1,,Oil,,,0.0
Kochi,2007,1A1A,ABFLOW002,Coal,,,0.0
Kochi,2007,1A1A,ABFLOW002,Natural gas,,,0.0
Kochi,2007,1A1A,ABFLOW002,Oil,,,0.0
Kochi,2007,1A1A1,ABFLOW003,Coal,,,0.0
Kochi,2007,1A1A1,ABFLOW003,Natural gas,,,0.0
Kochi,2007,1A1A1,ABFLOW003,Oil,,,0.0
Kochi,2007,1A1A2,ABFLOW004,Coal,,,0.0
Kochi,2007,1A1A2,ABFLOW004,Natural gas,,,0.0
Kochi,2007,1A1A2,ABFLOW004,Oil,,,0.0
Kochi,2007,1A1A3,ABFLOW005,Coal,,,0.0
Kochi,2007,1A1A3,ABFLOW005,Natural gas,,,0.0
Kochi,2007,1A1A3,ABFLOW005,Oil,,,0.0
Kochi,2007,1A1B,ABFLOW011,Coal,,,0.0
Kochi,2007,1A1B,ABFLOW011,Natural gas,,,0.0
Kochi,2007,1A1B,ABFLOW011,Oil,,,0.0
Kochi,2007,1A1C,ABFLOW011,Coal,,,0.0
Kochi,2007,1A1C,ABFLOW011,Natural gas,,,0.0
Kochi,2007,1A1C,ABFLOW011,Oil,,,0.0
Kochi,2007,1A2,ABFLOW012,Coal,,,0.0
Kochi,2007,1A2,ABFLOW012,Natural gas,,,0.0
Kochi,2007,1A2,ABFLOW012,Oil,,,0.0
Kochi,2007,1A2A,ABFLOW016,Coal,,,0.0
Kochi,2007,1A2A,ABFLOW016,Natural gas,,,0.0
Kochi,2007,1A2A,ABFLOW016,Oil,,,0.0
Kochi,2007,1A2B,ABFLOW018,Coal,,,0.0
Kochi,2007,1A2B,ABFLOW018,Natural gas,,,0.0
Kochi,2007,1A2B,ABFLOW018,Oil,,,0.0
Kochi,2007,1A2C,ABFLOW017,Coal,,,0.0
Kochi,2007,1A2C,ABFLOW017,Natural gas,,,0.0
Kochi,2007,1A2C,ABFLOW017,Oil,,,0.0
Kochi,2007,1A2D,ABFLOW023,Coal,,,0.0
Kochi,2007,1A2D,ABFLOW023,Natural gas,,,0.0
Kochi,2007,1A2D,ABFLOW023,Oil,,,0.0
Kochi,2007,1A2E,ABFLOW022,Coal,,,0.0
Kochi,2007,1A2E,ABFLOW022,Natural gas,,,0.0
Kochi,2007,1A2E,ABFLOW022,Oil,,,0.0
Kochi,2007,1A2F,ABFLOW019,Coal,,,0.0
Kochi,2007,1A2F,ABFLOW019,Natural gas,,,0.0
Kochi,2007,1A2F,ABFLOW019,Oil,,,0.0
Kochi,2007,1A2G,ABFLOW020,Coal,,,0.0
Kochi,2007,1A2G,ABFLOW020,Natural gas,,,0.0
Kochi,2007,1A2G,ABFLOW020,Oil,,,0.0
Kochi,2007,1A2H,ABFLOW021,Coal,,,0.0
Kochi,2007,1A2H,ABFLOW021,Natural gas,,,0.0
Kochi,2007,1A2H,ABFLOW021,Oil,,,0.0
Kochi,2007,1A2I,ABFLOW013,Coal,,,0.0
Kochi,2007,1A2I,ABFLOW013,Natural gas,,,0.0
Kochi,2007,1A2I,ABFLOW013,Oil,,,0.0
Kochi,2007,1A2J,ABFLOW024,Coal,,,0.0
Kochi,2007,1A2J,ABFLOW024,Natural gas,,,0.0
Kochi,2007,1A2J,ABFLOW024,Oil,,,0.0
Kochi,2007,1A2K,ABFLOW014,Coal,,,0.0
Kochi,2007,1A2K,ABFLOW014,Natural gas,,,0.0
Kochi,2007,1A2K,ABFLOW014,Oil,,,0.0
Kochi,2007,1A2L,ABFLOW025,Coal,,,0.0
Kochi,2007,1A2L,ABFLOW025,Natural gas,,,0.0
Kochi,2007,1A2L,ABFLOW025,Oil,,,0.0
Kochi,2007,1A2M,ABFLOW026,Coal,,,0.0
Kochi,2007,1A2M,ABFLOW026,Natural gas,,,0.0
Kochi,2007,1A2M,ABFLOW026,Oil,,,0.0
Kochi,2007,1A3,ABFLOW027,Coal,,,0.0
Kochi,2007,1A3,ABFLOW027,Natural gas,,,0.0
Kochi,2007,1A3,ABFLOW027,Oil,,,0.0
Kochi,2007,1A3A,,Coal,,,0.0
Kochi,2007,1A3A,,Natural gas,,,0.0
Kochi,2007,1A3A,,Oil,,,0.0
Kochi,2007,1A3A1,ABFLOW040,Coal,,,0.0
Kochi,2007,1A3A1,ABFLOW040,Natural gas,,,0.0
Kochi,2007,1A3A1,ABFLOW040,Oil,,,0.0
Kochi,2007,1A3A2,ABFLOW029,Coal,,,0.0
Kochi,2007,1A3A2,ABFLOW029,Natural gas,,,0.0
Kochi,2007,1A3A2,ABFLOW029,Oil,,,0.0
Kochi,2007,1A3B,ABFLOW028,Coal,,,0.0
Kochi,2007,1A3B,ABFLOW028,Natural gas,,,0.0
Kochi,2007,1A3B,ABFLOW028,Oil,,,0.0
Kochi,2007,1A3C,ABFLOW030,Coal,,,0.0
Kochi,2007,1A3C,ABFLOW030,Natural gas,,,0.0
Kochi,2007,1A3C,ABFLOW030,Oil,,,0.0
Kochi,2007,1A3D,,Coal,,,0.0
Kochi,2007,1A3D,,Natural gas,,,0.0
Kochi,2007,1A3D,,Oil,,,0.0
Kochi,2007,1A3D1,ABFLOW039,Coal,,,0.0
Kochi,2007,1A3D1,ABFLOW039,Natural gas,,,0.0
Kochi,2007,1A3D1,ABFLOW039,Oil,,,0.0
Kochi,2007,1A3D2,ABFLOW032,Coal,,,0.0
Kochi,2007,1A3D2,ABFLOW032,Natural gas,,,0.0
Kochi,2007,1A3D2,ABFLOW032,Oil,,,0.0
Kochi,2007,1A3E,,Coal,,,0.0
Kochi,2007,1A3E,,Natural gas,,,0.0
Kochi,2007,1A3E,,Oil,,,0.0
Kochi,2007,1A3E1,ABFLOW033,Coal,,,0.0
Kochi,2007,1A3E1,ABFLOW033,Natural gas,,,0.0
Kochi,2007,1A3E1,ABFLOW033,Oil,,,0.0
Kochi,2007,1A4,,Coal,,,0.0
Kochi,2007,1A4,,Natural gas,,,0.0
Kochi,2007,1A4,,Oil,,,0.0
Kochi,2007,1A4A,ABFLOW035,Coal,,,0.0
Kochi,2007,1A4A,ABFLOW035,Natural gas,,,0.0
Kochi,2007,1A4A,ABFLOW035,Oil,,,0.0
Kochi,2007,1A4B,ABFLOW034,Coal,,,0.0
Kochi,2007,1A4B,ABFLOW034,Natural gas,,,0.0
Kochi,2007,1A4B,ABFLOW034,Oil,,,0.0
Kochi,2007,1A4C,,Coal,,,0.0
Kochi,2007,1A4C,,Natural gas,,,0.0
Kochi,2007,1A4C,,Oil,,,0.0
Kochi,2007,1A4C1,ABFLOW036,Coal,,,0.0
Kochi,2007,1A4C1,ABFLOW036,Natural gas,,,0.0
Kochi,2007,1A4C1,ABFLOW036,Oil,,,0.0
Kochi,2007,1A4C2,ABFLOW037,Coal,,,0.0
Kochi,2007,1A4C2,ABFLOW037,Natural gas,,,0.0
Kochi,2007,1A4C2,ABFLOW037,Oil,,,0.0
Kochi,2007,1A4C3,,Coal,,,0.0
Kochi,2007,1A4C3,,Natural gas,,,0.0
Kochi,2007,1A4C3,,Oil,,,0.0
Kochi,2007,1A5,ABFLOW038,Coal,,,0.0
Kochi,2007,1A5,ABFLOW038,Natural gas,,,0.0
Kochi,2007,1A5,ABFLOW038,Oil,,,0.0
Kochi,2007,1A5A,,Coal,,,0.0
Kochi,2007,1A5A,,Natural gas,,,0.0
Kochi,2007,1A5A,,Oil,,,0.0
Kochi,2007,1A5B,,Coal,,,0.0
Kochi,2007,1A5B,,Natural gas,,,0.0
Kochi,2007,1A5B,,Oil,,,0.0
Kochi,2007,1A5C,,Coal,,,0.0
Kochi,2007,1A5C,,Natural gas,,,0.0
Kochi,2007,1A5C,,Oil,,,0.0
Kochi,2007,1B,,,,,0.0
Kochi,2007,1B1,,,,,0.0
Kochi,2007,1B1A,,,,,0.0
Kochi,2007,1B1A1,,,,,0.0
Kochi,2007,1B1A11,,,,,0.0
Kochi,2007,1B1A12,,,,,0.0
Kochi,2007,1B1A13,,,,,0.0
Kochi,2007,1B1A14,,,,,0.0
Kochi,2007,1B1A2,,,,,0.0
Kochi,2007,1B1A21,,,,,0.0
Kochi,2007,1B1A22,,,,,0.0
Kochi,2007,1B1B,,,,,0.0
Kochi,2007,1B2,,,,,0.0
Kochi,2007,1B2A,,,,,0.0
Kochi,2007,1B2A1,,,,,0.0
Kochi,2007,1B2A2,,,,,0.0
Kochi,2007,1B2A3,,,,,0.0
Kochi,2007,1B2A31,,,,,0.0
Kochi,2007,1B2A32,,,,,0.0
Kochi,2007,1B2A33,,,,,0.0
Kochi,2007,1B2A34,,,,,0.0
Kochi,2007,1B2A35,,,,,0.0
Kochi,2007,1B2A36,,,,,0.0
Kochi,2007,1B2B,,,,,0.0
Kochi,2007,1B2B1,,,,,0.0
Kochi,2007,1B2B2,,,,,0.0
Kochi,2007,1B2B3,,,,,0.0
Kochi,2007,1B2B31,,,,,0.0
Kochi,2007,1B2B32,,,,,0.0
Kochi,2007,1B2B33,,,,,0.0
Kochi,2007,1B2B34,,,,,0.0
Kochi,2007,1B2B35,,,,,0.0
Kochi,2007,1B2B36,,,,,0.0
Kochi,2007,1B3,,,,,0.0
Kochi,2007,1C,,,,,0.0
Kochi,2007,1C1,,,,,0.0
Kochi,2007,1C1A,,,,,0.0
Kochi,2007,1C1B,,,,,0.0
Kochi,2007,1C1C,,,,,0.0
Kochi,2007,1C2,,,,,0.0
Kochi,2007,1C2A,,,,,0.0
Kochi,2007,1C2B,,,,,0.0
Kochi,2007,1C3,,,,,0.0
Kochi,2007,2,,,,,0.0
Kochi,2007,20,,,,,0.0
Kochi,2007,200,,,,,0.0
Kochi,2007,2000,,,,,0.0
Kochi,2007,20000,,,,,0.0
Kochi,2007,200000,,,,,0.0
Kochi,2007,2A,,,,,0.0
Kochi,2007,2A1,,,,,0.0
Kochi,2007,2A2,,,,,0.0
Kochi,2007,2A3,,,,,0.0
Kochi,2007,2A4,,,,,0.0
Kochi,2007,2A4A,,,,,0.0
Kochi,2007,2A4B,,,,,0.0
Kochi,2007,2A4C,,,,,0.0
Kochi,2007,2A4D,,,,,0.0
Kochi,2007,2B,,,,,0.0
Kochi,2007,2B1,,,,,0.0
Kochi,2007,2B10,,,,,0.0
Kochi,2007,2B2,,,,,0.0
Kochi,2007,2B3,,,,,0.0
Kochi,2007,2B4,,,,,0.0
Kochi,2007,2B5,,,,,0.0
Kochi,2007,2B6,,,,,0.0
Kochi,2007,2B7,,,,,0.0
Kochi,2007,2B8,,,,,0.0
Kochi,2007,2B8A,,,,,0.0
Kochi,2007,2B8B,,,,,0.0
Kochi,2007,2B8C,,,,,0.0
Kochi,2007,2B8D,,,,,0.0
Kochi,2007,2B8E,,,,,0.0
Kochi,2007,2B8F,,,,,0.0
Kochi,2007,2B9,,,,,0.0
Kochi,2007,2B9A,,,,,0.0
Kochi,2007,2B9B,,,,,0.0
Kochi,2007,2C,,,,,0.0
Kochi,2007,2C1,,,,,0.0
Kochi,2007,2C2,,,,,0.0
Kochi,2007,2C3,,,,,0.0
Kochi,2007,2C4,,,,,0.0
Kochi,2007,2C5,,,,,0.0
Kochi,2007,2C6,,,,,0.0
Kochi,2007,2C7,,,,,0.0
Kochi,2007,2D,,,,,0.0
Kochi,2007,2D1,,,,,0.0
Kochi,2007,2D2,,,,,0.0
Kochi,2007,2D3,,,,,0.0
Kochi,2007,2D4,,,,,0.0
Kochi,2007,2E,,,,,0.0
Kochi,2007,2F,,,,,0.0
Kochi,2007,2F1,,,,,0.0
Kochi,2007,2F2,,,,,0.0
Kochi,2007,2F3,,,,,0.0
Kochi,2007,2F4,,,,,0.0
Kochi,2007,2F5,,,,,0.0
Kochi,2007,2F6,,,,,0.0
Kochi,2007,2G,,,,,0.0
Kochi,2007,2G1,,,,,0.0
Kochi,2007,2G2,,,,,0.0
Kochi,2007,2G3,,,,,0.0
Kochi,2007,2G4,,,,,0.0
Kochi,2007,2H,,,,,0.0
Kochi,2007,2H1,,,,,0.0
Kochi,2007,2H2,,,,,0.0
Kochi,2007,2H3,,,,,0.0
Kochi,2007,3,,,,,0.0
Kochi,2007,3A,,,,,0.0
Kochi,2007,3A1,,,,,0.0
Kochi,2007,3A2,,,,,0.0
Kochi,2007,3B,,,,,0.0
Kochi,2007,3B1,,,,,0.0
Kochi,2007,3B1A,,,,,0.0
Kochi,2007,3B1B,,,,,0.0
Kochi,2007,3B2,,,,,0.0
Kochi,2007,3B2A,,,,,0.0
Kochi,2007,3B2B,,,,,0.0
Kochi,2007,3B3,,,,,0.0
Kochi,2007,3B3A,,,,,0.0
Kochi,2007,3B3B,,,,,0.0
Kochi,2007,3B4,,,,,0.0
Kochi,2007,3B4A,,,,,0.0
Kochi,2007,3B4B,,,,,0.0
Kochi,2007,3B5,,,,,0.0
Kochi,2007,3B5A,,,,,0.0
Kochi,2007,3B5B,,,,,0.0
Kochi,2007,3B6,,,,,0.0
Kochi,2007,3B6A,,,,,0.0
Kochi,2007,3B6B,,,,,0.0
Kochi,2007,3B6B1,,,,,0.0
Kochi,2007,3B6B2,,,,,0.0
Kochi,2007,3B6B3,,,,,0.0
Kochi,2007,3B6B4,,,,,0.0
Kochi,2007,3B6B5,,,,,0.0
Kochi,2007,3C,,,,,0.0
Kochi,2007,3C1,,,,,0.0
Kochi,2007,3C2,,,,,0.0
Kochi,2007,3C3,,,,,0.0
Kochi,2007,3C4,,,,,0.0
Kochi,2007,3C5,,,,,0.0
Kochi,2007,3C6,,,,,0.0
Kochi,2007,3C7,,,,,0.0
Kochi,2007,3C8,,,,,0.0
Kochi,2007,3D,,,,,0.0
Kochi,2007,3D1,,,,,0.0
Kochi,2007,3D2,,,,,0.0
Kochi,2007,4,,,,,0.0
Kochi,2007,4A,,,,,0.0
Kochi,2007,4A1,,,,,0.0
Kochi,2007,4A2,,,,,0.0
Kochi,2007,4A3,,,,,0.0
Kochi,2007,4B,,,,,0.0
Kochi,2007,4C,,,,,0.0
Kochi,2007,4C1,,,,,0.0
Kochi,2007,4C2,,,,,0.0
Kochi,2007,4D,,,,,0.0
Kochi,2007,4D1,,,,,0.0
Kochi,2007,4D2,,,,,0.0
Kochi,2007,4E,,,,,0.0
Kochi,2007,5,,,,,0.0
Kochi,2007,5A,,,,,0.0
Kochi,2007,5A1,,,,,0.0
Kochi,2007,5A2,,,,,0.0
Kochi,2008,0,,,,,0.0
Kochi,2008,1,,,,,0.0
Kochi,2008,1A,ABFLOW001,Coal,,,0.0
Kochi,2008,1A,ABFLOW001,Natural gas,,,0.0
Kochi,2008,1A,ABFLOW001,Oil,,,0.0
Kochi,2008,1A1,,Coal,,,0.0
Kochi,2008,1A1,,Natural gas,,,0.0
Kochi,2008,1A1,,Oil,,,0.0
Kochi,2008,1A1A,ABFLOW002,Coal,,,0.0
Kochi,2008,1A1A,ABFLOW002,Natural gas,,,0.0
Kochi,2008,1A1A,ABFLOW002,Oil,,,0.0
Kochi,2008,1A1A1,ABFLOW003,Coal,,,0.0
Kochi,2008,1A1A1,ABFLOW003,Natural gas,,,0.0
Kochi,2008,1A1A1,ABFLOW003,Oil,,,0.0
Kochi,2008,1A1A2,ABFLOW004,Coal,,,0.0
Kochi,2008,1A1A2,ABFLOW004,Natural gas,,,0.0
Kochi,2008,1A1A2,ABFLOW004,Oil,,,0.0
Kochi,2008,1A1A3,ABFLOW005,Coal,,,0.0
Kochi,2008,1A1A3,ABFLOW005,Natural gas,,,0.0
Kochi,2008,1A1A3,ABFLOW005,Oil,,,0.0
Kochi,2008,1A1B,ABFLOW011,Coal,,,0.0
Kochi,2008,1A1B,ABFLOW011,Natural gas,,,0.0
Kochi,2008,1A1B,ABFLOW011,Oil,,,0.0
Kochi,2008,1A1C,ABFLOW011,Coal,,,0.0
Kochi,2008,1A1C,ABFLOW011,Natural gas,,,0.0
Kochi,2008,1A1C,ABFLOW011,Oil,,,0.0
Kochi,2008,1A2,ABFLOW012,Coal,,,0.0
Kochi,2008,1A2,ABFLOW012,Natural gas,,,0.0
Kochi,2008,1A2,ABFLOW012,Oil,,,0.0
Kochi,2008,1A2A,ABFLOW016,Coal,,,0.0
Kochi,2008,1A2A,ABFLOW016,Natural gas,,,0.0
Kochi,2008,1A2A,ABFLOW016,Oil,,,0.0
Kochi,2008,1A2B,ABFLOW018,Coal,,,0.0
Kochi,2008,1A2B,ABFLOW018,Natural gas,,,0.0
Kochi,2008,1A2B,ABFLOW018,Oil,,,0.0
Kochi,2008,1A2C,ABFLOW017,Coal,,,0.0
Kochi,2008,1A2C,ABFLOW017,Natural gas,,,0.0
Kochi,2008,1A2C,ABFLOW017,Oil,,,0.0
Kochi,2008,1A2D,ABFLOW023,Coal,,,0.0
Kochi,2008,1A2D,ABFLOW023,Natural gas,,,0.0
Kochi,2008,1A2D,ABFLOW023,Oil,,,0.0
Kochi,2008,1A2E,ABFLOW022,Coal,,,0.0
Kochi,2008,1A2E,ABFLOW022,Natural gas,,,0.0
Kochi,2008,1A2E,ABFLOW022,Oil,,,0.0
Kochi,2008,1A2F,ABFLOW019,Coal,,,0.0
Kochi,2008,1A2F,ABFLOW019,Natural gas,,,0.0
Kochi,2008,1A2F,ABFLOW019,Oil,,,0.0
Kochi,2008,1A2G,ABFLOW020,Coal,,,0.0
Kochi,2008,1A2G,ABFLOW020,Natural gas,,,0.0
Kochi,2008,1A2G,ABFLOW020,Oil,,,0.0
Kochi,2008,1A2H,ABFLOW021,Coal,,,0.0
Kochi,2008,1A2H,ABFLOW021,Natural gas,,,0.0
Kochi,2008,1A2H,ABFLOW021,Oil,,,0.0
Kochi,2008,1A2I,ABFLOW013,Coal,,,0.0
Kochi,2008,1A2I,ABFLOW013,Natural gas,,,0.0
Kochi,2008,1A2I,ABFLOW013,Oil,,,0.0
Kochi,2008,1A2J,ABFLOW024,Coal,,,0.0
Kochi,2008,1A2J,ABFLOW024,Natural gas,,,0.0
Kochi,2008,1A2J,ABFLOW024,Oil,,,0.0
Kochi,2008,1A2K,ABFLOW014,Coal,,,0.0
Kochi,2008,1A2K,ABFLOW014,Natural gas,,,0.0
Kochi,2008,1A2K,ABFLOW014,Oil,,,0.0
Kochi,2008,1A2L,ABFLOW025,Coal,,,0.0
Kochi,2008,1A2L,ABFLOW025,Natural gas,,,0.0
Kochi,2008,1A2L,ABFLOW025,Oil,,,0.0
Kochi,2008,1A2M,ABFLOW026,Coal,,,0.0
Kochi,2008,1A2M,ABFLOW026,Natural gas,,,0.0
Kochi,2008,1A2M,ABFLOW026,Oil,,,0.0
Kochi,2008,1A3,ABFLOW027,Coal,,,0.0
Kochi,2008,1A3,ABFLOW027,Natural gas,,,0.0
Kochi,2008,1A3,ABFLOW027,Oil,,,0.0
Kochi,2008,1A3A,,Coal,,,0.0
Kochi,2008,1A3A,,Natural gas,,,0.0
Kochi,2008,1A3A,,Oil,,,0.0
Kochi,2008,1A3A1,ABFLOW040,Coal,,,0.0
Kochi,2008,1A3A1,ABFLOW040,Natural gas,,,0.0
Kochi,2008,1A3A1,ABFLOW040,Oil,,,0.0
Kochi,2008,1A3A2,ABFLOW029,Coal,,,0.0
Kochi,2008,1A3A2,ABFLOW029,Natural gas,,,0.0
Kochi,2008,1A3A2,ABFLOW029,Oil,,,0.0
Kochi,2008,1A3B,ABFLOW028,Coal,,,0.0
Kochi,2008,1A3B,ABFLOW028,Natural gas,,,0.0
Kochi,2008,1A3B,ABFLOW028,Oil,,,0.0
Kochi,2008,1A3C,ABFLOW030,Coal,,,0.0
Kochi,2008,1A3C,ABFLOW030,Natural gas,,,0.0
Kochi,2008,1A3C,ABFLOW030,Oil,,,0.0
Kochi,2008,1A3D,,Coal,,,0.0
Kochi,2008,1A3D,,Natural gas,,,0.0
Kochi,2008,1A3D,,Oil,,,0.0
Kochi,2008,1A3D1,ABFLOW039,Coal,,,0.0
Kochi,2008,1A3D1,ABFLOW039,Natural gas,,,0.0
Kochi,2008,1A3D1,ABFLOW039,Oil,,,0.0
Kochi,2008,1A3D2,ABFLOW032,Coal,,,0.0
Kochi,2008,1A3D2,ABFLOW032,Natural gas,,,0.0
Kochi,2008,1A3D2,ABFLOW032,Oil,,,0.0
Kochi,2008,1A3E,,Coal,,,0.0
Kochi,2008,1A3E,,Natural gas,,,0.0
Kochi,2008,1A3E,,Oil,,,0.0
Kochi,2008,1A3E1,ABFLOW033,Coal,,,0.0
Kochi,2008,1A3E1,ABFLOW033,Natural gas,,,0.0
Kochi,2008,1A3E1,ABFLOW033,Oil,,,0.0
Kochi,2008,1A4,,Coal,,,0.0
Kochi,2008,1A4,,Natural gas,,,0.0
Kochi,2008,1A4,,Oil,,,0.0
Kochi,2008,1A4A,ABFLOW035,Coal,,,0.0
Kochi,2008,1A4A,ABFLOW035,Natural gas,,,0.0
Kochi,2008,1A4A,ABFLOW035,Oil,,,0.0
Kochi,2008,1A4B,ABFLOW034,Coal,,,0.0
Kochi,2008,1A4B,ABFLOW034,Natural gas,,,0.0
Kochi,2008,1A4B,ABFLOW034,Oil,,,0.0
Kochi,2008,1A4C,,Coal,,,0.0
Kochi,2008,1A4C,,Natural gas,,,0.0
Kochi,2008,1A4C,,Oil,,,0.0
Kochi,2008,1A4C1,ABFLOW036,Coal,,,0.0
Kochi,2008,1A4C1,ABFLOW036,Natural gas,,,0.0
Kochi,2008,1A4C1,ABFLOW036,Oil,,,0.0
Kochi,2008,1A4C2,ABFLOW037,Coal,,,0.0
Kochi,2008,1A4C2,ABFLOW037,Natural gas,,,0.0
Kochi,2008,1A4C2,ABFLOW037,Oil,,,0.0
Kochi,2008,1A4C3,,Coal,,,0.0
Kochi,2008,1A4C3,,Natural gas,,,0.0
Kochi,2008,1A4C3,,Oil,,,0.0
Kochi,2008,1A5,ABFLOW038,Coal,,,0.0
Kochi,2008,1A5,ABFLOW038,Natural gas,,,0.0
Kochi,2008,1A5,ABFLOW038,Oil,,,0.0
Kochi,2008,1A5A,,Coal,,,0.0
Kochi,2008,1A5A,,Natural gas,,,0.0
Kochi,2008,1A5A,,Oil,,,0.0
Kochi,2008,1A5B,,Coal,,,0.0
Kochi,2008,1A5B,,Natural gas,,,0.0
Kochi,2008,1A5B,,Oil,,,0.0
Kochi,2008,1A5C,,Coal,,,0.0
Kochi,2008,1A5C,,Natural gas,,,0.0
Kochi,2008,1A5C,,Oil,,,0.0
Kochi,2008,1B,,,,,0.0
Kochi,2008,1B1,,,,,0.0
Kochi,2008,1B1A,,,,,0.0
Kochi,2008,1B1A1,,,,,0.0
Kochi,2008,1B1A11,,,,,0.0
Kochi,2008,1B1A12,,,,,0.0
Kochi,2008,1B1A13,,,,,0.0
Kochi,2008,1B1A14,,,,,0.0
Kochi,2008,1B1A2,,,,,0.0
Kochi,2008,1B1A21,,,,,0.0
Kochi,2008,1B1A22,,,,,0.0
Kochi,2008,1B1B,,,,,0.0
Kochi,2008,1B2,,,,,0.0
Kochi,2008,1B2A,,,,,0.0
Kochi,2008,1B2A1,,,,,0.0
Kochi,2008,1B2A2,,,,,0.0
Kochi,2008,1B2A3,,,,,0.0
Kochi,2008,1B2A31,,,,,0.0
Kochi,2008,1B2A32,,,,,0.0
Kochi,2008,1B2A33,,,,,0.0
Kochi,2008,1B2A34,,,,,0.0
Kochi,2008,1B2A35,,,,,0.0
Kochi,2008,1B2A36,,,,,0.0
Kochi,2008,1B2B,,,,,0.0
Kochi,2008,1B2B1,,,,,0.0
Kochi,2008,1B2B2,,,,,0.0
Kochi,2008,1B2B3,,,,,0.0
Kochi,2008,1B2B31,,,,,0.0
Kochi,2008,1B2B32,,,,,0.0
Kochi,2008,1B2B33,,,,,0.0
Kochi,2008,1B2B34,,,,,0.0
Kochi,2008,1B2B35,,,,,0.0
Kochi,2008,1B2B36,,,,,0.0
Kochi,2008,1B3,,,,,0.0
Kochi,2008,1C,,,,,0.0
Kochi,2008,1C1,,,,,0.0
Kochi,2008,1C1A,,,,,0.0
Kochi,2008,1C1B,,,,,0.0
Kochi,2008,1C1C,,,,,0.0
Kochi,2008,1C2,,,,,0.0
Kochi,2008,1C2A,,,,,0.0
Kochi,2008,1C2B,,,,,0.0
Kochi,2008,1C3,,,,,0.0
Kochi,2008,2,,,,,0.0
Kochi,2008,20,,,,,0.0
Kochi,2008,200,,,,,0.0
Kochi,2008,2000,,,,,0.0
Kochi,2008,20000,,,,,0.0
Kochi,2008,200000,,,,,0.0
Kochi,2008,2A,,,,,0.0
Kochi,2008,2A1,,,,,0.0
Kochi,2008,2A2,,,,,0.0
Kochi,2008,2A3,,,,,0.0
Kochi,2008,2A4,,,,,0.0
Kochi,2008,2A4A,,,,,0.0
Kochi,2008,2A4B,,,,,0.0
Kochi,2008,2A4C,,,,,0.0
Kochi,2008,2A4D,,,,,0.0
Kochi,2008,2B,,,,,0.0
Kochi,2008,2B1,,,,,0.0
Kochi,2008,2B10,,,,,0.0
Kochi,2008,2B2,,,,,0.0
Kochi,2008,2B3,,,,,0.0
Kochi,2008,2B4,,,,,0.0
Kochi,2008,2B5,,,,,0.0
Kochi,2008,2B6,,,,,0.0
Kochi,2008,2B7,,,,,0.0
Kochi,2008,2B8,,,,,0.0
Kochi,2008,2B8A,,,,,0.0
Kochi,2008,2B8B,,,,,0.0
Kochi,2008,2B8C,,,,,0.0
Kochi,2008,2B8D,,,,,0.0
Kochi,2008,2B8E,,,,,0.0
Kochi,2008,2B8F,,,,,0.0
Kochi,2008,2B9,,,,,0.0
Kochi,2008,2B9A,,,,,0.0
Kochi,2008,2B9B,,,,,0.0
Kochi,2008,2C,,,,,0.0
Kochi,2008,2C1,,,,,0.0
Kochi,2008,2C2,,,,,0.0
Kochi,2008,2C3,,,,,0.0
Kochi,2008,2C4,,,,,0.0
Kochi,2008,2C5,,,,,0.0
Kochi,2008,2C6,,,,,0.0
Kochi,2008,2C7,,,,,0.0
Kochi,2008,2D,,,,,0.0
Kochi,2008,2D1,,,,,0.0
Kochi,2008,2D2,,,,,0.0
Kochi,2008,2D3,,,,,0.0
Kochi,2008,2D4,,,,,0.0
Kochi,2008,2E,,,,,0.0
Kochi,2008,2F,,,,,0.0
Kochi,2008,2F1,,,,,0.0
Kochi,2008,2F2,,,,,0.0
Kochi,2008,2F3,,,,,0.0
Kochi,2008,2F4,,,,,0.0
Kochi,2008,2F5,,,,,0.0
Kochi,2008,2F6,,,,,0.0
Kochi,2008,2G,,,,,0.0
Kochi,2008,2G1,,,,,0.0
Kochi,2008,2G2,,,,,0.0
Kochi,2008,2G3,,,,,0.0
Kochi,2008,2G4,,,,,0.0
Kochi,2008,2H,,,,,0.0
Kochi,2008,2H1,,,,,0.0
Kochi,2008,2H2,,,,,0.0
Kochi,2008,2H3,,,,,0.0
Kochi,2008,3,,,,,0.0
Kochi,2008,3A,,,,,0.0
Kochi,2008,3A1,,,,,0.0
Kochi,2008,3A2,,,,,0.0
Kochi,2008,3B,,,,,0.0
Kochi,2008,3B1,,,,,0.0
Kochi,2008,3B1A,,,,,0.0
Kochi,2008,3B1B,,,,,0.0
Kochi,2008,3B2,,,,,0.0
Kochi,2008,3B2A,,,,,0.0
Kochi,2008,3B2B,,,,,0.0
Kochi,2008,3B3,,,,,0.0
Kochi,2008,3B3A,,,,,0.0
Kochi,2008,3B3B,,,,,0.0
Kochi,2008,3B4,,,,,0.0
Kochi,2008,3B4A,,,,,0.0
Kochi,2008,3B4B,,,,,0.0
Kochi,2008,3B5,,,,,0.0
Kochi,2008,3B5A,,,,,0.0
Kochi,2008,3B5B,,,,,0.0
Kochi,2008,3B6,,,,,0.0
Kochi,2008,3B6A,,,,,0.0
Kochi,2008,3B6B,,,,,0.0
Kochi,2008,3B6B1,,,,,0.0
Kochi,2008,3B6B2,,,,,0.0
Kochi,2008,3B6B3,,,,,0.0
Kochi,2008,3B6B4,,,,,0.0
Kochi,2008,3B6B5,,,,,0.0
Kochi,2008,3C,,,,,0.0
Kochi,2008,3C1,,,,,0.0
Kochi,2008,3C2,,,,,0.0
Kochi,2008,3C3,,,,,0.0
Kochi,2008,3C4,,,,,0.0
Kochi,2008,3C5,,,,,0.0
Kochi,2008,3C6,,,,,0.0
Kochi,2008,3C7,,,,,0.0
Kochi,2008,3C8,,,,,0.0
Kochi,2008,3D,,,,,0.0
Kochi,2008,3D1,,,,,0.0
Kochi,2008,3D2,,,,,0.0
Kochi,2008,4,,,,,0.0
Kochi,2008,4A,,,,,0.0
Kochi,2008,4A1,,,,,0.0
Kochi,2008,4A2,,,,,0.0
Kochi,2008,4A3,,,,,0.0
Kochi,2008,4B,,,,,0.0
Kochi,2008,4C,,,,,0.0
Kochi,2008,4C1,,,,,0.0
Kochi,2008,4C2,,,,,0.0
Kochi,2008,4D,,,,,0.0
Kochi,2008,4D1,,,,,0.0
Kochi,2008,4D2,,,,,0.0
Kochi,2008,4E,,,,,0.0
Kochi,2008,5,,,,,0.0
Kochi,2008,5A,,,,,0.0
Kochi,2008,5A1,,,,,0.0
Kochi,2008,5A2,,,,,0.0
Kochi,2009,0,,,,,0.0
Kochi,2009,1,,,,,0.0
Kochi,2009,1A,ABFLOW001,Coal,,,0.0
Kochi,2009,1A,ABFLOW001,Natural gas,,,0.0
Kochi,2009,1A,ABFLOW001,Oil,,,0.0
Kochi,2009,1A1,,Coal,,,0.0
Kochi,2009,1A1,,Natural gas,,,0.0
Kochi,2009,1A1,,Oil,,,0.0
Kochi,2009,1A1A,ABFLOW002,Coal,,,0.0
Kochi,2009,1A1A,ABFLOW002,Natural gas,,,0.0
Kochi,2009,1A1A,ABFLOW002,Oil,,,0.0
Kochi,2009,1A1A1,ABFLOW003,Coal,,,0.0
Kochi,2009,1A1A1,ABFLOW003,Natural gas,,,0.0
Kochi,2009,1A1A1,ABFLOW003,Oil,,,0.0
Kochi,2009,1A1A2,ABFLOW004,Coal,,,0.0
Kochi,2009,1A1A2,ABFLOW004,Natural gas,,,0.0
Kochi,2009,1A1A2,ABFLOW004,Oil,,,0.0
Kochi,2009,1A1A3,ABFLOW005,Coal,,,0.0
Kochi,2009,1A1A3,ABFLOW005,Natural gas,,,0.0
Kochi,2009,1A1A3,ABFLOW005,Oil,,,0.0
Kochi,2009,1A1B,ABFLOW011,Coal,,,0.0
Kochi,2009,1A1B,ABFLOW011,Natural gas,,,0.0
Kochi,2009,1A1B,ABFLOW011,Oil,,,0.0
Kochi,2009,1A1C,ABFLOW011,Coal,,,0.0
Kochi,2009,1A1C,ABFLOW011,Natural gas,,,0.0
Kochi,2009,1A1C,ABFLOW011,Oil,,,0.0
Kochi,2009,1A2,ABFLOW012,Coal,,,0.0
Kochi,2009,1A2,ABFLOW012,Natural gas,,,0.0
Kochi,2009,1A2,ABFLOW012,Oil,,,0.0
Kochi,2009,1A2A,ABFLOW016,Coal,,,0.0
Kochi,2009,1A2A,ABFLOW016,Natural gas,,,0.0
Kochi,2009,1A2A,ABFLOW016,Oil,,,0.0
Kochi,2009,1A2B,ABFLOW018,Coal,,,0.0
Kochi,2009,1A2B,ABFLOW018,Natural gas,,,0.0
Kochi,2009,1A2B,ABFLOW018,Oil,,,0.0
Kochi,2009,1A2C,ABFLOW017,Coal,,,0.0
Kochi,2009,1A2C,ABFLOW017,Natural gas,,,0.0
Kochi,2009,1A2C,ABFLOW017,Oil,,,0.0
Kochi,2009,1A2D,ABFLOW023,Coal,,,0.0
Kochi,2009,1A2D,ABFLOW023,Natural gas,,,0.0
Kochi,2009,1A2D,ABFLOW023,Oil,,,0.0
Kochi,2009,1A2E,ABFLOW022,Coal,,,0.0
Kochi,2009,1A2E,ABFLOW022,Natural gas,,,0.0
Kochi,2009,1A2E,ABFLOW022,Oil,,,0.0
Kochi,2009,1A2F,ABFLOW019,Coal,,,0.0
Kochi,2009,1A2F,ABFLOW019,Natural gas,,,0.0
Kochi,2009,1A2F,ABFLOW019,Oil,,,0.0
Kochi,2009,1A2G,ABFLOW020,Coal,,,0.0
Kochi,2009,1A2G,ABFLOW020,Natural gas,,,0.0
Kochi,2009,1A2G,ABFLOW020,Oil,,,0.0
Kochi,2009,1A2H,ABFLOW021,Coal,,,0.0
Kochi,2009,1A2H,ABFLOW021,Natural gas,,,0.0
Kochi,2009,1A2H,ABFLOW021,Oil,,,0.0
Kochi,2009,1A2I,ABFLOW013,Coal,,,0.0
Kochi,2009,1A2I,ABFLOW013,Natural gas,,,0.0
Kochi,2009,1A2I,ABFLOW013,Oil,,,0.0
Kochi,2009,1A2J,ABFLOW024,Coal,,,0.0
Kochi,2009,1A2J,ABFLOW024,Natural gas,,,0.0
Kochi,2009,1A2J,ABFLOW024,Oil,,,0.0
Kochi,2009,1A2K,ABFLOW014,Coal,,,0.0
Kochi,2009,1A2K,ABFLOW014,Natural gas,,,0.0
Kochi,2009,1A2K,ABFLOW014,Oil,,,0.0
Kochi,2009,1A2L,ABFLOW025,Coal,,,0.0
Kochi,2009,1A2L,ABFLOW025,Natural gas,,,0.0
Kochi,2009,1A2L,ABFLOW025,Oil,,,0.0
Kochi,2009,1A2M,ABFLOW026,Coal,,,0.0
Kochi,2009,1A2M,ABFLOW026,Natural gas,,,0.0
Kochi,2009,1A2M,ABFLOW026,Oil,,,0.0
Kochi,2009,1A3,ABFLOW027,Coal,,,0.0
Kochi,2009,1A3,ABFLOW027,Natural gas,,,0.0
Kochi,2009,1A3,ABFLOW027,Oil,,,0.0
Kochi,2009,1A3A,,Coal,,,0.0
Kochi,2009,1A3A,,Natural gas,,,0.0
Kochi,2009,1A3A,,Oil,,,0.0
Kochi,2009,1A3A1,ABFLOW040,Coal,,,0.0
Kochi,2009,1A3A1,ABFLOW040,Natural gas,,,0.0
Kochi,2009,1A3A1,ABFLOW040,Oil,,,0.0
Kochi,2009,1A3A2,ABFLOW029,Coal,,,0.0
Kochi,2009,1A3A2,ABFLOW029,Natural gas,,,0.0
Kochi,2009,1A3A2,ABFLOW029,Oil,,,0.0
Kochi,2009,1A3B,ABFLOW028,Coal,,,0.0
Kochi,2009,1A3B,ABFLOW028,Natural gas,,,0.0
Kochi,2009,1A3B,ABFLOW028,Oil,,,0.0
Kochi,2009,1A3C,ABFLOW030,Coal,,,0.0
Kochi,2009,1A3C,ABFLOW030,Natural gas,,,0.0
Kochi,2009,1A3C,ABFLOW030,Oil,,,0.0
Kochi,2009,1A3D,,Coal,,,0.0
Kochi,2009,1A3D,,Natural gas,,,0.0
Kochi,2009,1A3D,,Oil,,,0.0
Kochi,2009,1A3D1,ABFLOW039,Coal,,,0.0
Kochi,2009,1A3D1,ABFLOW039,Natural gas,,,0.0
Kochi,2009,1A3D1,ABFLOW039,Oil,,,0.0
Kochi,2009,1A3D2,ABFLOW032,Coal,,,0.0
Kochi,2009,1A3D2,ABFLOW032,Natural gas,,,0.0
Kochi,2009,1A3D2,ABFLOW032,Oil,,,0.0
Kochi,2009,1A3E,,Coal,,,0.0
Kochi,2009,1A3E,,Natural gas,,,0.0
Kochi,2009,1A3E,,Oil,,,0.0
Kochi,2009,1A3E1,ABFLOW033,Coal,,,0.0
Kochi,2009,1A3E1,ABFLOW033,Natural gas,,,0.0
Kochi,2009,1A3E1,ABFLOW033,Oil,,,0.0
Kochi,2009,1A4,,Coal,,,0.0
Kochi,2009,1A4,,Natural gas,,,0.0
Kochi,2009,1A4,,Oil,,,0.0
Kochi,2009,1A4A,ABFLOW035,Coal,,,0.0
Kochi,2009,1A4A,ABFLOW035,Natural gas,,,0.0
Kochi,2009,1A4A,ABFLOW035,Oil,,,0.0
Kochi,2009,1A4B,ABFLOW034,Coal,,,0.0
Kochi,2009,1A4B,ABFLOW034,Natural gas,,,0.0
Kochi,2009,1A4B,ABFLOW034,Oil,,,0.0
Kochi,2009,1A4C,,Coal,,,0.0
Kochi,2009,1A4C,,Natural gas,,,0.0
Kochi,2009,1A4C,,Oil,,,0.0
Kochi,2009,1A4C1,ABFLOW036,Coal,,,0.0
Kochi,2009,1A4C1,ABFLOW036,Natural gas,,,0.0
Kochi,2009,1A4C1,ABFLOW036,Oil,,,0.0
Kochi,2009,1A4C2,ABFLOW037,Coal,,,0.0
Kochi,2009,1A4C2,ABFLOW037,Natural gas,,,0.0
Kochi,2009,1A4C2,ABFLOW037,Oil,,,0.0
Kochi,2009,1A4C3,,Coal,,,0.0
Kochi,2009,1A4C3,,Natural gas,,,0.0
Kochi,2009,1A4C3,,Oil,,,0.0
Kochi,2009,1A5,ABFLOW038,Coal,,,0.0
Kochi,2009,1A5,ABFLOW038,Natural gas,,,0.0
Kochi,2009,1A5,ABFLOW038,Oil,,,0.0
Kochi,2009,1A5A,,Coal,,,0.0
Kochi,2009,1A5A,,Natural gas,,,0.0
Kochi,2009,1A5A,,Oil,,,0.0
Kochi,2009,1A5B,,Coal,,,0.0
Kochi,2009,1A5B,,Natural gas,,,0.0
Kochi,2009,1A5B,,Oil,,,0.0
Kochi,2009,1A5C,,Coal,,,0.0
Kochi,2009,1A5C,,Natural gas,,,0.0
Kochi,2009,1A5C,,Oil,,,0.0
Kochi,2009,1B,,,,,0.0
Kochi,2009,1B1,,,,,0.0
Kochi,2009,1B1A,,,,,0.0
Kochi,2009,1B1A1,,,,,0.0
Kochi,2009,1B1A11,,,,,0.0
Kochi,2009,1B1A12,,,,,0.0
Kochi,2009,1B1A13,,,,,0.0
Kochi,2009,1B1A14,,,,,0.0
Kochi,2009,1B1A2,,,,,0.0
Kochi,2009,1B1A21,,,,,0.0
Kochi,2009,1B1A22,,,,,0.0
Kochi,2009,1B1B,,,,,0.0
Kochi,2009,1B2,,,,,0.0
Kochi,2009,1B2A,,,,,0.0
Kochi,2009,1B2A1,,,,,0.0
Kochi,2009,1B2A2,,,,,0.0
Kochi,2009,1B2A3,,,,,0.0
Kochi,2009,1B2A31,,,,,0.0
Kochi,2009,1B2A32,,,,,0.0
Kochi,2009,1B2A33,,,,,0.0
Kochi,2009,1B2A34,,,,,0.0
Kochi,2009,1B2A35,,,,,0.0
Kochi,2009,1B2A36,,,,,0.0
Kochi,2009,1B2B,,,,,0.0
Kochi,2009,1B2B1,,,,,0.0
Kochi,2009,1B2B2,,,,,0.0
Kochi,2009,1B2B3,,,,,0.0
Kochi,2009,1B2B31,,,,,0.0
Kochi,2009,1B2B32,,,,,0.0
Kochi,2009,1B2B33,,,,,0.0
Kochi,2009,1B2B34,,,,,0.0
Kochi,2009,1B2B35,,,,,0.0
Kochi,2009,1B2B36,,,,,0.0
Kochi,2009,1B3,,,,,0.0
Kochi,2009,1C,,,,,0.0
Kochi,2009,1C1,,,,,0.0
Kochi,2009,1C1A,,,,,0.0
Kochi,2009,1C1B,,,,,0.0
Kochi,2009,1C1C,,,,,0.0
Kochi,2009,1C2,,,,,0.0
Kochi,2009,1C2A,,,,,0.0
Kochi,2009,1C2B,,,,,0.0
Kochi,2009,1C3,,,,,0.0
Kochi,2009,2,,,,,0.0
Kochi,2009,20,,,,,0.0
Kochi,2009,200,,,,,0.0
Kochi,2009,2000,,,,,0.0
Kochi,2009,20000,,,,,0.0
Kochi,2009,200000,,,,,0.0
Kochi,2009,2A,,,,,0.0
Kochi,2009,2A1,,,,,0.0
Kochi,2009,2A2,,,,,0.0
Kochi,2009,2A3,,,,,0.0
Kochi,2009,2A4,,,,,0.0
Kochi,2009,2A4A,,,,,0.0
Kochi,2009,2A4B,,,,,0.0
Kochi,2009,2A4C,,,,,0.0
Kochi,2009,2A4D,,,,,0.0
Kochi,2009,2B,,,,,0.0
Kochi,2009,2B1,,,,,0.0
Kochi,2009,2B10,,,,,0.0
Kochi,2009,2B2,,,,,0.0
Kochi,2009,2B3,,,,,0.0
Kochi,2009,2B4,,,,,0.0
Kochi,2009,2B5,,,,,0.0
Kochi,2009,2B6,,,,,0.0
Kochi,2009,2B7,,,,,0.0
Kochi,2009,2B8,,,,,0.0
Kochi,2009,2B8A,,,,,0.0
Kochi,2009,2B8B,,,,,0.0
Kochi,2009,2B8C,,,,,0.0
Kochi,2009,2B8D,,,,,0.0
Kochi,2009,2B8E,,,,,0.0
Kochi,2009,2B8F,,,,,0.0
Kochi,2009,2B9,,,,,0.0
Kochi,2009,2B9A,,,,,0.0
Kochi,2009,2B9B,,,,,0.0
Kochi,2009,2C,,,,,0.0
Kochi,2009,2C1,,,,,0.0
Kochi,2009,2C2,,,,,0.0
Kochi,2009,2C3,,,,,0.0
Kochi,2009,2C4,,,,,0.0
Kochi,2009,2C5,,,,,0.0
Kochi,2009,2C6,,,,,0.0
Kochi,2009,2C7,,,,,0.0
Kochi,2009,2D,,,,,0.0
Kochi,2009,2D1,,,,,0.0
Kochi,2009,2D2,,,,,0.0
Kochi,2009,2D3,,,,,0.0
Kochi,2009,2D4,,,,,0.0
Kochi,2009,2E,,,,,0.0
Kochi,2009,2F,,,,,0.0
Kochi,2009,2F1,,,,,0.0
Kochi,2009,2F2,,,,,0.0
Kochi,2009,2F3,,,,,0.0
Kochi,2009,2F4,,,,,0.0
Kochi,2009,2F5,,,,,0.0
Kochi,2009,2F6,,,,,0.0
Kochi,2009,2G,,,,,0.0
Kochi,2009,2G1,,,,,0.0
Kochi,2009,2G2,,,,,0.0
Kochi,2009,2G3,,,,,0.0
Kochi,2009,2G4,,,,,0.0
Kochi,2009,2H,,,,,0.0
Kochi,2009,2H1,,,,,0.0
Kochi,2009,2H2,,,,,0.0
Kochi,2009,2H3,,,,,0.0
Kochi,2009,3,,,,,0.0
Kochi,2009,3A,,,,,0.0
Kochi,2009,3A1,,,,,0.0
Kochi,2009,3A2,,,,,0.0
Kochi,2009,3B,,,,,0.0
Kochi,2009,3B1,,,,,0.0
Kochi,2009,3B1A,,,,,0.0
Kochi,2009,3B1B,,,,,0.0
Kochi,2009,3B2,,,,,0.0
Kochi,2009,3B2A,,,,,0.0
Kochi,2009,3B2B,,,,,0.0
Kochi,2009,3B3,,,,,0.0
Kochi,2009,3B3A,,,,,0.0
Kochi,2009,3B3B,,,,,0.0
Kochi,2009,3B4,,,,,0.0
Kochi,2009,3B4A,,,,,0.0
Kochi,2009,3B4B,,,,,0.0
Kochi,2009,3B5,,,,,0.0
Kochi,2009,3B5A,,,,,0.0
Kochi,2009,3B5B,,,,,0.0
Kochi,2009,3B6,,,,,0.0
Kochi,2009,3B6A,,,,,0.0
Kochi,2009,3B6B,,,,,0.0
Kochi,2009,3B6B1,,,,,0.0
Kochi,2009,3B6B2,,,,,0.0
Kochi,2009,3B6B3,,,,,0.0
Kochi,2009,3B6B4,,,,,0.0
Kochi,2009,3B6B5,,,,,0.0
Kochi,2009,3C,,,,,0.0
Kochi,2009,3C1,,,,,0.0
Kochi,2009,3C2,,,,,0.0
Kochi,2009,3C3,,,,,0.0
Kochi,2009,3C4,,,,,0.0
Kochi,2009,3C5,,,,,0.0
Kochi,2009,3C6,,,,,0.0
Kochi,2009,3C7,,,,,0.0
Kochi,2009,3C8,,,,,0.0
Kochi,2009,3D,,,,,0.0
Kochi,2009,3D1,,,,,0.0
Kochi,2009,3D2,,,,,0.0
Kochi,2009,4,,,,,0.0
Kochi,2009,4A,,,,,0.0
Kochi,2009,4A1,,,,,0.0
Kochi,2009,4A2,,,,,0.0
Kochi,2009,4A3,,,,,0.0
Kochi,2009,4B,,,,,0.0
Kochi,2009,4C,,,,,0.0
Kochi,2009,4C1,,,,,0.0
Kochi,2009,4C2,,,,,0.0
Kochi,2009,4D,,,,,0.0
Kochi,2009,4D1,,,,,0.0
Kochi,2009,4D2,,,,,0.0
Kochi,2009,4E,,,,,0.0
Kochi,2009,5,,,,,0.0
Kochi,2009,5A,,,,,0.0
Kochi,2009,5A1,,,,,0.0
Kochi,2009,5A2,,,,,0.0
Kochi,2010,0,,,,,0.0
Kochi,2010,1,,,,,0.0
Kochi,2010,1A,ABFLOW001,Coal,,,0.0
Kochi,2010,1A,ABFLOW001,Natural gas,,,0.0
Kochi,2010,1A,ABFLOW001,Oil,,,0.0
Kochi,2010,1A1,,Coal,,,0.0
Kochi,2010,1A1,,Natural gas,,,0.0
Kochi,2010,1A1,,Oil,,,0.0
Kochi,2010,1A1A,ABFLOW002,Coal,,,0.0
Kochi,2010,1A1A,ABFLOW002,Natural gas,,,0.0
Kochi,2010,1A1A,ABFLOW002,Oil,,,0.0
Kochi,2010,1A1A1,ABFLOW003,Coal,,,0.0
Kochi,2010,1A1A1,ABFLOW003,Natural gas,,,0.0
Kochi,2010,1A1A1,ABFLOW003,Oil,,,0.0
Kochi,2010,1A1A2,ABFLOW004,Coal,,,0.0
Kochi,2010,1A1A2,ABFLOW004,Natural gas,,,0.0
Kochi,2010,1A1A2,ABFLOW004,Oil,,,0.0
Kochi,2010,1A1A3,ABFLOW005,Coal,,,0.0
Kochi,2010,1A1A3,ABFLOW005,Natural gas,,,0.0
Kochi,2010,1A1A3,ABFLOW005,Oil,,,0.0
Kochi,2010,1A1B,ABFLOW011,Coal,,,0.0
Kochi,2010,1A1B,ABFLOW011,Natural gas,,,0.0
Kochi,2010,1A1B,ABFLOW011,Oil,,,0.0
Kochi,2010,1A1C,ABFLOW011,Coal,,,0.0
Kochi,2010,1A1C,ABFLOW011,Natural gas,,,0.0
Kochi,2010,1A1C,ABFLOW011,Oil,,,0.0
Kochi,2010,1A2,ABFLOW012,Coal,,,0.0
Kochi,2010,1A2,ABFLOW012,Natural gas,,,0.0
Kochi,2010,1A2,ABFLOW012,Oil,,,0.0
Kochi,2010,1A2A,ABFLOW016,Coal,,,0.0
Kochi,2010,1A2A,ABFLOW016,Natural gas,,,0.0
Kochi,2010,1A2A,ABFLOW016,Oil,,,0.0
Kochi,2010,1A2B,ABFLOW018,Coal,,,0.0
Kochi,2010,1A2B,ABFLOW018,Natural gas,,,0.0
Kochi,2010,1A2B,ABFLOW018,Oil,,,0.0
Kochi,2010,1A2C,ABFLOW017,Coal,,,0.0
Kochi,2010,1A2C,ABFLOW017,Natural gas,,,0.0
Kochi,2010,1A2C,ABFLOW017,Oil,,,0.0
Kochi,2010,1A2D,ABFLOW023,Coal,,,0.0
Kochi,2010,1A2D,ABFLOW023,Natural gas,,,0.0
Kochi,2010,1A2D,ABFLOW023,Oil,,,0.0
Kochi,2010,1A2E,ABFLOW022,Coal,,,0.0
Kochi,2010,1A2E,ABFLOW022,Natural gas,,,0.0
Kochi,2010,1A2E,ABFLOW022,Oil,,,0.0
Kochi,2010,1A2F,ABFLOW019,Coal,,,0.0
Kochi,2010,1A2F,ABFLOW019,Natural gas,,,0.0
Kochi,2010,1A2F,ABFLOW019,Oil,,,0.0
Kochi,2010,1A2G,ABFLOW020,Coal,,,0.0
Kochi,2010,1A2G,ABFLOW020,Natural gas,,,0.0
Kochi,2010,1A2G,ABFLOW020,Oil,,,0.0
Kochi,2010,1A2H,ABFLOW021,Coal,,,0.0
Kochi,2010,1A2H,ABFLOW021,Natural gas,,,0.0
Kochi,2010,1A2H,ABFLOW021,Oil,,,0.0
Kochi,2010,1A2I,ABFLOW013,Coal,,,0.0
Kochi,2010,1A2I,ABFLOW013,Natural gas,,,0.0
Kochi,2010,1A2I,ABFLOW013,Oil,,,0.0
Kochi,2010,1A2J,ABFLOW024,Coal,,,0.0
Kochi,2010,1A2J,ABFLOW024,Natural gas,,,0.0
Kochi,2010,1A2J,ABFLOW024,Oil,,,0.0
Kochi,2010,1A2K,ABFLOW014,Coal,,,0.0
Kochi,2010,1A2K,ABFLOW014,Natural gas,,,0.0
Kochi,2010,1A2K,ABFLOW014,Oil,,,0.0
Kochi,2010,1A2L,ABFLOW025,Coal,,,0.0
Kochi,2010,1A2L,ABFLOW025,Natural gas,,,0.0
Kochi,2010,1A2L,ABFLOW025,Oil,,,0.0
Kochi,2010,1A2M,ABFLOW026,Coal,,,0.0
Kochi,2010,1A2M,ABFLOW026,Natural gas,,,0.0
Kochi,2010,1A2M,ABFLOW026,Oil,,,0.0
Kochi,2010,1A3,ABFLOW027,Coal,,,0.0
Kochi,2010,1A3,ABFLOW027,Natural gas,,,0.0
Kochi,2010,1A3,ABFLOW027,Oil,,,0.0
Kochi,2010,1A3A,,Coal,,,0.0
Kochi,2010,1A3A,,Natural gas,,,0.0
Kochi,2010,1A3A,,Oil,,,0.0
Kochi,2010,1A3A1,ABFLOW040,Coal,,,0.0
Kochi,2010,1A3A1,ABFLOW040,Natural gas,,,0.0
Kochi,2010,1A3A1,ABFLOW040,Oil,,,0.0
Kochi,2010,1A3A2,ABFLOW029,Coal,,,0.0
Kochi,2010,1A3A2,ABFLOW029,Natural gas,,,0.0
Kochi,2010,1A3A2,ABFLOW029,Oil,,,0.0
Kochi,2010,1A3B,ABFLOW028,Coal,,,0.0
Kochi,2010,1A3B,ABFLOW028,Natural gas,,,0.0
Kochi,2010,1A3B,ABFLOW028,Oil,,,0.0
Kochi,2010,1A3C,ABFLOW030,Coal,,,0.0
Kochi,2010,1A3C,ABFLOW030,Natural gas,,,0.0
Kochi,2010,1A3C,ABFLOW030,Oil,,,0.0
Kochi,2010,1A3D,,Coal,,,0.0
Kochi,2010,1A3D,,Natural gas,,,0.0
Kochi,2010,1A3D,,Oil,,,0.0
Kochi,2010,1A3D1,ABFLOW039,Coal,,,0.0
Kochi,2010,1A3D1,ABFLOW039,Natural gas,,,0.0
Kochi,2010,1A3D1,ABFLOW039,Oil,,,0.0
Kochi,2010,1A3D2,ABFLOW032,Coal,,,0.0
Kochi,2010,1A3D2,ABFLOW032,Natural gas,,,0.0
Kochi,2010,1A3D2,ABFLOW032,Oil,,,0.0
Kochi,2010,1A3E,,Coal,,,0.0
Kochi,2010,1A3E,,Natural gas,,,0.0
Kochi,2010,1A3E,,Oil,,,0.0
Kochi,2010,1A3E1,ABFLOW033,Coal,,,0.0
Kochi,2010,1A3E1,ABFLOW033,Natural gas,,,0.0
Kochi,2010,1A3E1,ABFLOW033,Oil,,,0.0
Kochi,2010,1A4,,Coal,,,0.0
Kochi,2010,1A4,,Natural gas,,,0.0
Kochi,2010,1A4,,Oil,,,0.0
Kochi,2010,1A4A,ABFLOW035,Coal,,,0.0
Kochi,2010,1A4A,ABFLOW035,Natural gas,,,0.0
Kochi,2010,1A4A,ABFLOW035,Oil,,,0.0
Kochi,2010,1A4B,ABFLOW034,Coal,,,0.0
Kochi,2010,1A4B,ABFLOW034,Natural gas,,,0.0
Kochi,2010,1A4B,ABFLOW034,Oil,,,0.0
Kochi,2010,1A4C,,Coal,,,0.0
Kochi,2010,1A4C,,Natural gas,,,0.0
Kochi,2010,1A4C,,Oil,,,0.0
Kochi,2010,1A4C1,ABFLOW036,Coal,,,0.0
Kochi,2010,1A4C1,ABFLOW036,Natural gas,,,0.0
Kochi,2010,1A4C1,ABFLOW036,Oil,,,0.0
Kochi,2010,1A4C2,ABFLOW037,Coal,,,0.0
Kochi,2010,1A4C2,ABFLOW037,Natural gas,,,0.0
Kochi,2010,1A4C2,ABFLOW037,Oil,,,0.0
Kochi,2010,1A4C3,,Coal,,,0.0
Kochi,2010,1A4C3,,Natural gas,,,0.0
Kochi,2010,1A4C3,,Oil,,,0.0
Kochi,2010,1A5,ABFLOW038,Coal,,,0.0
Kochi,2010,1A5,ABFLOW038,Natural gas,,,0.0
Kochi,2010,1A5,ABFLOW038,Oil,,,0.0
Kochi,2010,1A5A,,Coal,,,0.0
Kochi,2010,1A5A,,Natural gas,,,0.0
Kochi,2010,1A5A,,Oil,,,0.0
Kochi,2010,1A5B,,Coal,,,0.0
Kochi,2010,1A5B,,Natural gas,,,0.0
Kochi,2010,1A5B,,Oil,,,0.0
Kochi,2010,1A5C,,Coal,,,0.0
Kochi,2010,1A5C,,Natural gas,,,0.0
Kochi,2010,1A5C,,Oil,,,0.0
Kochi,2010,1B,,,,,0.0
Kochi,2010,1B1,,,,,0.0
Kochi,2010,1B1A,,,,,0.0
Kochi,2010,1B1A1,,,,,0.0
Kochi,2010,1B1A11,,,,,0.0
Kochi,2010,1B1A12,,,,,0.0
Kochi,2010,1B1A13,,,,,0.0
Kochi,2010,1B1A14,,,,,0.0
Kochi,2010,1B1A2,,,,,0.0
Kochi,2010,1B1A21,,,,,0.0
Kochi,2010,1B1A22,,,,,0.0
Kochi,2010,1B1B,,,,,0.0
Kochi,2010,1B2,,,,,0.0
Kochi,2010,1B2A,,,,,0.0
Kochi,2010,1B2A1,,,,,0.0
Kochi,2010,1B2A2,,,,,0.0
Kochi,2010,1B2A3,,,,,0.0
Kochi,2010,1B2A31,,,,,0.0
Kochi,2010,1B2A32,,,,,0.0
Kochi,2010,1B2A33,,,,,0.0
Kochi,2010,1B2A34,,,,,0.0
Kochi,2010,1B2A35,,,,,0.0
Kochi,2010,1B2A36,,,,,0.0
Kochi,2010,1B2B,,,,,0.0
Kochi,2010,1B2B1,,,,,0.0
Kochi,2010,1B2B2,,,,,0.0
Kochi,2010,1B2B3,,,,,0.0
Kochi,2010,1B2B31,,,,,0.0
Kochi,2010,1B2B32,,,,,0.0
Kochi,2010,1B2B33,,,,,0.0
Kochi,2010,1B2B34,,,,,0.0
Kochi,2010,1B2B35,,,,,0.0
Kochi,2010,1B2B36,,,,,0.0
Kochi,2010,1B3,,,,,0.0
Kochi,2010,1C,,,,,0.0
Kochi,2010,1C1,,,,,0.0
Kochi,2010,1C1A,,,,,0.0
Kochi,2010,1C1B,,,,,0.0
Kochi,2010,1C1C,,,,,0.0
Kochi,2010,1C2,,,,,0.0
Kochi,2010,1C2A,,,,,0.0
Kochi,2010,1C2B,,,,,0.0
Kochi,2010,1C3,,,,,0.0
Kochi,2010,2,,,,,0.0
Kochi,2010,20,,,,,0.0
Kochi,2010,200,,,,,0.0
Kochi,2010,2000,,,,,0.0
Kochi,2010,20000,,,,,0.0
Kochi,2010,200000,,,,,0.0
Kochi,2010,2A,,,,,0.0
Kochi,2010,2A1,,,,,0.0
Kochi,2010,2A2,,,,,0.0
Kochi,2010,2A3,,,,,0.0
Kochi,2010,2A4,,,,,0.0
Kochi,2010,2A4A,,,,,0.0
Kochi,2010,2A4B,,,,,0.0
Kochi,2010,2A4C,,,,,0.0
Kochi,2010,2A4D,,,,,0.0
Kochi,2010,2B,,,,,0.0
Kochi,2010,2B1,,,,,0.0
Kochi,2010,2B10,,,,,0.0
Kochi,2010,2B2,,,,,0.0
Kochi,2010,2B3,,,,,0.0
Kochi,2010,2B4,,,,,0.0
Kochi,2010,2B5,,,,,0.0
Kochi,2010,2B6,,,,,0.0
Kochi,2010,2B7,,,,,0.0
Kochi,2010,2B8,,,,,0.0
Kochi,2010,2B8A,,,,,0.0
Kochi,2010,2B8B,,,,,0.0
Kochi,2010,2B8C,,,,,0.0
Kochi,2010,2B8D,,,,,0.0
Kochi,2010,2B8E,,,,,0.0
Kochi,2010,2B8F,,,,,0.0
Kochi,2010,2B9,,,,,0.0
Kochi,2010,2B9A,,,,,0.0
Kochi,2010,2B9B,,,,,0.0
Kochi,2010,2C,,,,,0.0
Kochi,2010,2C1,,,,,0.0
Kochi,2010,2C2,,,,,0.0
Kochi,2010,2C3,,,,,0.0
Kochi,2010,2C4,,,,,0.0
Kochi,2010,2C5,,,,,0.0
Kochi,2010,2C6,,,,,0.0
Kochi,2010,2C7,,,,,0.0
Kochi,2010,2D,,,,,0.0
Kochi,2010,2D1,,,,,0.0
Kochi,2010,2D2,,,,,0.0
Kochi,2010,2D3,,,,,0.0
Kochi,2010,2D4,,,,,0.0
Kochi,2010,2E,,,,,0.0
Kochi,2010,2F,,,,,0.0
Kochi,2010,2F1,,,,,0.0
Kochi,2010,2F2,,,,,0.0
Kochi,2010,2F3,,,,,0.0
Kochi,2010,2F4,,,,,0.0
Kochi,2010,2F5,,,,,0.0
Kochi,2010,2F6,,,,,0.0
Kochi,2010,2G,,,,,0.0
Kochi,2010,2G1,,,,,0.0
Kochi,2010,2G2,,,,,0.0
Kochi,2010,2G3,,,,,0.0
Kochi,2010,2G4,,,,,0.0
Kochi,2010,2H,,,,,0.0
Kochi,2010,2H1,,,,,0.0
Kochi,2010,2H2,,,,,0.0
Kochi,2010,2H3,,,,,0.0
Kochi,2010,3,,,,,0.0
Kochi,2010,3A,,,,,0.0
Kochi,2010,3A1,,,,,0.0
Kochi,2010,3A2,,,,,0.0
Kochi,2010,3B,,,,,0.0
Kochi,2010,3B1,,,,,0.0
Kochi,2010,3B1A,,,,,0.0
Kochi,2010,3B1B,,,,,0.0
Kochi,2010,3B2,,,,,0.0
Kochi,2010,3B2A,,,,,0.0
Kochi,2010,3B2B,,,,,0.0
Kochi,2010,3B3,,,,,0.0
Kochi,2010,3B3A,,,,,0.0
Kochi,2010,3B3B,,,,,0.0
Kochi,2010,3B4,,,,,0.0
Kochi,2010,3B4A,,,,,0.0
Kochi,2010,3B4B,,,,,0.0
Kochi,2010,3B5,,,,,0.0
Kochi,2010,3B5A,,,,,0.0
Kochi,2010,3B5B,,,,,0.0
Kochi,2010,3B6,,,,,0.0
Kochi,2010,3B6A,,,,,0.0
Kochi,2010,3B6B,,,,,0.0
Kochi,2010,3B6B1,,,,,0.0
Kochi,2010,3B6B2,,,,,0.0
Kochi,2010,3B6B3,,,,,0.0
Kochi,2010,3B6B4,,,,,0.0
Kochi,2010,3B6B5,,,,,0.0
Kochi,2010,3C,,,,,0.0
Kochi,2010,3C1,,,,,0.0
Kochi,2010,3C2,,,,,0.0
Kochi,2010,3C3,,,,,0.0
Kochi,2010,3C4,,,,,0.0
Kochi,2010,3C5,,,,,0.0
Kochi,2010,3C6,,,,,0.0
Kochi,2010,3C7,,,,,0.0
Kochi,2010,3C8,,,,,0.0
Kochi,2010,3D,,,,,0.0
Kochi,2010,3D1,,,,,0.0
Kochi,2010,3D2,,,,,0.0
Kochi,2010,4,,,,,0.0
Kochi,2010,4A,,,,,0.0
Kochi,2010,4A1,,,,,0.0
Kochi,2010,4A2,,,,,0.0
Kochi,2010,4A3,,,,,0.0
Kochi,2010,4B,,,,,0.0
Kochi,2010,4C,,,,,0.0
Kochi,2010,4C1,,,,,0.0
Kochi,2010,4C2,,,,,0.0
Kochi,2010,4D,,,,,0.0
Kochi,2010,4D1,,,,,0.0
Kochi,2010,4D2,,,,,0.0
Kochi,2010,4E,,,,,0.0
Kochi,2010,5,,,,,0.0
Kochi,2010,5A,,,,,0.0
Kochi,2010,5A1,,,,,0.0
Kochi,2010,5A2,,,,,0.0
Kochi,2011,0,,,,,0.0
Kochi,2011,1,,,,,0.0
Kochi,2011,1A,ABFLOW001,Coal,,,0.0
Kochi,2011,1A,ABFLOW001,Natural gas,,,0.0
Kochi,2011,1A,ABFLOW001,Oil,,,0.0
Kochi,2011,1A1,,Coal,,,0.0
Kochi,2011,1A1,,Natural gas,,,0.0
Kochi,2011,1A1,,Oil,,,0.0
Kochi,2011,1A1A,ABFLOW002,Coal,,,0.0
Kochi,2011,1A1A,ABFLOW002,Natural gas,,,0.0
Kochi,2011,1A1A,ABFLOW002,Oil,,,0.0
Kochi,2011,1A1A1,ABFLOW003,Coal,,,0.0
Kochi,2011,1A1A1,ABFLOW003,Natural gas,,,0.0
Kochi,2011,1A1A1,ABFLOW003,Oil,,,0.0
Kochi,2011,1A1A2,ABFLOW004,Coal,,,0.0
Kochi,2011,1A1A2,ABFLOW004,Natural gas,,,0.0
Kochi,2011,1A1A2,ABFLOW004,Oil,,,0.0
Kochi,2011,1A1A3,ABFLOW005,Coal,,,0.0
Kochi,2011,1A1A3,ABFLOW005,Natural gas,,,0.0
Kochi,2011,1A1A3,ABFLOW005,Oil,,,0.0
Kochi,2011,1A1B,ABFLOW011,Coal,,,0.0
Kochi,2011,1A1B,ABFLOW011,Natural gas,,,0.0
Kochi,2011,1A1B,ABFLOW011,Oil,,,0.0
Kochi,2011,1A1C,ABFLOW011,Coal,,,0.0
Kochi,2011,1A1C,ABFLOW011,Natural gas,,,0.0
Kochi,2011,1A1C,ABFLOW011,Oil,,,0.0
Kochi,2011,1A2,ABFLOW012,Coal,,,0.0
Kochi,2011,1A2,ABFLOW012,Natural gas,,,0.0
Kochi,2011,1A2,ABFLOW012,Oil,,,0.0
Kochi,2011,1A2A,ABFLOW016,Coal,,,0.0
Kochi,2011,1A2A,ABFLOW016,Natural gas,,,0.0
Kochi,2011,1A2A,ABFLOW016,Oil,,,0.0
Kochi,2011,1A2B,ABFLOW018,Coal,,,0.0
Kochi,2011,1A2B,ABFLOW018,Natural gas,,,0.0
Kochi,2011,1A2B,ABFLOW018,Oil,,,0.0
Kochi,2011,1A2C,ABFLOW017,Coal,,,0.0
Kochi,2011,1A2C,ABFLOW017,Natural gas,,,0.0
Kochi,2011,1A2C,ABFLOW017,Oil,,,0.0
Kochi,2011,1A2D,ABFLOW023,Coal,,,0.0
Kochi,2011,1A2D,ABFLOW023,Natural gas,,,0.0
Kochi,2011,1A2D,ABFLOW023,Oil,,,0.0
Kochi,2011,1A2E,ABFLOW022,Coal,,,0.0
Kochi,2011,1A2E,ABFLOW022,Natural gas,,,0.0
Kochi,2011,1A2E,ABFLOW022,Oil,,,0.0
Kochi,2011,1A2F,ABFLOW019,Coal,,,0.0
Kochi,2011,1A2F,ABFLOW019,Natural gas,,,0.0
Kochi,2011,1A2F,ABFLOW019,Oil,,,0.0
Kochi,2011,1A2G,ABFLOW020,Coal,,,0.0
Kochi,2011,1A2G,ABFLOW020,Natural gas,,,0.0
Kochi,2011,1A2G,ABFLOW020,Oil,,,0.0
Kochi,2011,1A2H,ABFLOW021,Coal,,,0.0
Kochi,2011,1A2H,ABFLOW021,Natural gas,,,0.0
Kochi,2011,1A2H,ABFLOW021,Oil,,,0.0
Kochi,2011,1A2I,ABFLOW013,Coal,,,0.0
Kochi,2011,1A2I,ABFLOW013,Natural gas,,,0.0
Kochi,2011,1A2I,ABFLOW013,Oil,,,0.0
Kochi,2011,1A2J,ABFLOW024,Coal,,,0.0
Kochi,2011,1A2J,ABFLOW024,Natural gas,,,0.0
Kochi,2011,1A2J,ABFLOW024,Oil,,,0.0
Kochi,2011,1A2K,ABFLOW014,Coal,,,0.0
Kochi,2011,1A2K,ABFLOW014,Natural gas,,,0.0
Kochi,2011,1A2K,ABFLOW014,Oil,,,0.0
Kochi,2011,1A2L,ABFLOW025,Coal,,,0.0
Kochi,2011,1A2L,ABFLOW025,Natural gas,,,0.0
Kochi,2011,1A2L,ABFLOW025,Oil,,,0.0
Kochi,2011,1A2M,ABFLOW026,Coal,,,0.0
Kochi,2011,1A2M,ABFLOW026,Natural gas,,,0.0
Kochi,2011,1A2M,ABFLOW026,Oil,,,0.0
Kochi,2011,1A3,ABFLOW027,Coal,,,0.0
Kochi,2011,1A3,ABFLOW027,Natural gas,,,0.0
Kochi,2011,1A3,ABFLOW027,Oil,,,0.0
Kochi,2011,1A3A,,Coal,,,0.0
Kochi,2011,1A3A,,Natural gas,,,0.0
Kochi,2011,1A3A,,Oil,,,0.0
Kochi,2011,1A3A1,ABFLOW040,Coal,,,0.0
Kochi,2011,1A3A1,ABFLOW040,Natural gas,,,0.0
Kochi,2011,1A3A1,ABFLOW040,Oil,,,0.0
Kochi,2011,1A3A2,ABFLOW029,Coal,,,0.0
Kochi,2011,1A3A2,ABFLOW029,Natural gas,,,0.0
Kochi,2011,1A3A2,ABFLOW029,Oil,,,0.0
Kochi,2011,1A3B,ABFLOW028,Coal,,,0.0
Kochi,2011,1A3B,ABFLOW028,Natural gas,,,0.0
Kochi,2011,1A3B,ABFLOW028,Oil,,,0.0
Kochi,2011,1A3C,ABFLOW030,Coal,,,0.0
Kochi,2011,1A3C,ABFLOW030,Natural gas,,,0.0
Kochi,2011,1A3C,ABFLOW030,Oil,,,0.0
Kochi,2011,1A3D,,Coal,,,0.0
Kochi,2011,1A3D,,Natural gas,,,0.0
Kochi,2011,1A3D,,Oil,,,0.0
Kochi,2011,1A3D1,ABFLOW039,Coal,,,0.0
Kochi,2011,1A3D1,ABFLOW039,Natural gas,,,0.0
Kochi,2011,1A3D1,ABFLOW039,Oil,,,0.0
Kochi,2011,1A3D2,ABFLOW032,Coal,,,0.0
Kochi,2011,1A3D2,ABFLOW032,Natural gas,,,0.0
Kochi,2011,1A3D2,ABFLOW032,Oil,,,0.0
Kochi,2011,1A3E,,Coal,,,0.0
Kochi,2011,1A3E,,Natural gas,,,0.0
Kochi,2011,1A3E,,Oil,,,0.0
Kochi,2011,1A3E1,ABFLOW033,Coal,,,0.0
Kochi,2011,1A3E1,ABFLOW033,Natural gas,,,0.0
Kochi,2011,1A3E1,ABFLOW033,Oil,,,0.0
Kochi,2011,1A4,,Coal,,,0.0
Kochi,2011,1A4,,Natural gas,,,0.0
Kochi,2011,1A4,,Oil,,,0.0
Kochi,2011,1A4A,ABFLOW035,Coal,,,0.0
Kochi,2011,1A4A,ABFLOW035,Natural gas,,,0.0
Kochi,2011,1A4A,ABFLOW035,Oil,,,0.0
Kochi,2011,1A4B,ABFLOW034,Coal,,,0.0
Kochi,2011,1A4B,ABFLOW034,Natural gas,,,0.0
Kochi,2011,1A4B,ABFLOW034,Oil,,,0.0
Kochi,2011,1A4C,,Coal,,,0.0
Kochi,2011,1A4C,,Natural gas,,,0.0
Kochi,2011,1A4C,,Oil,,,0.0
Kochi,2011,1A4C1,ABFLOW036,Coal,,,0.0
Kochi,2011,1A4C1,ABFLOW036,Natural gas,,,0.0
Kochi,2011,1A4C1,ABFLOW036,Oil,,,0.0
Kochi,2011,1A4C2,ABFLOW037,Coal,,,0.0
Kochi,2011,1A4C2,ABFLOW037,Natural gas,,,0.0
Kochi,2011,1A4C2,ABFLOW037,Oil,,,0.0
Kochi,2011,1A4C3,,Coal,,,0.0
Kochi,2011,1A4C3,,Natural gas,,,0.0
Kochi,2011,1A4C3,,Oil,,,0.0
Kochi,2011,1A5,ABFLOW038,Coal,,,0.0
Kochi,2011,1A5,ABFLOW038,Natural gas,,,0.0
Kochi,2011,1A5,ABFLOW038,Oil,,,0.0
Kochi,2011,1A5A,,Coal,,,0.0
Kochi,2011,1A5A,,Natural gas,,,0.0
Kochi,2011,1A5A,,Oil,,,0.0
Kochi,2011,1A5B,,Coal,,,0.0
Kochi,2011,1A5B,,Natural gas,,,0.0
Kochi,2011,1A5B,,Oil,,,0.0
Kochi,2011,1A5C,,Coal,,,0.0
Kochi,2011,1A5C,,Natural gas,,,0.0
Kochi,2011,1A5C,,Oil,,,0.0
Kochi,2011,1B,,,,,0.0
Kochi,2011,1B1,,,,,0.0
Kochi,2011,1B1A,,,,,0.0
Kochi,2011,1B1A1,,,,,0.0
Kochi,2011,1B1A11,,,,,0.0
Kochi,2011,1B1A12,,,,,0.0
Kochi,2011,1B1A13,,,,,0.0
Kochi,2011,1B1A14,,,,,0.0
Kochi,2011,1B1A2,,,,,0.0
Kochi,2011,1B1A21,,,,,0.0
Kochi,2011,1B1A22,,,,,0.0
Kochi,2011,1B1B,,,,,0.0
Kochi,2011,1B2,,,,,0.0
Kochi,2011,1B2A,,,,,0.0
Kochi,2011,1B2A1,,,,,0.0
Kochi,2011,1B2A2,,,,,0.0
Kochi,2011,1B2A3,,,,,0.0
Kochi,2011,1B2A31,,,,,0.0
Kochi,2011,1B2A32,,,,,0.0
Kochi,2011,1B2A33,,,,,0.0
Kochi,2011,1B2A34,,,,,0.0
Kochi,2011,1B2A35,,,,,0.0
Kochi,2011,1B2A36,,,,,0.0
Kochi,2011,1B2B,,,,,0.0
Kochi,2011,1B2B1,,,,,0.0
Kochi,2011,1B2B2,,,,,0.0
Kochi,2011,1B2B3,,,,,0.0
Kochi,2011,1B2B31,,,,,0.0
Kochi,2011,1B2B32,,,,,0.0
Kochi,2011,1B2B33,,,,,0.0
Kochi,2011,1B2B34,,,,,0.0
Kochi,2011,1B2B35,,,,,0.0
Kochi,2011,1B2B36,,,,,0.0
Kochi,2011,1B3,,,,,0.0
Kochi,2011,1C,,,,,0.0
Kochi,2011,1C1,,,,,0.0
Kochi,2011,1C1A,,,,,0.0
Kochi,2011,1C1B,,,,,0.0
Kochi,2011,1C1C,,,,,0.0
Kochi,2011,1C2,,,,,0.0
Kochi,2011,1C2A,,,,,0.0
Kochi,2011,1C2B,,,,,0.0
Kochi,2011,1C3,,,,,0.0
Kochi,2011,2,,,,,0.0
Kochi,2011,20,,,,,0.0
Kochi,2011,200,,,,,0.0
Kochi,2011,2000,,,,,0.0
Kochi,2011,20000,,,,,0.0
Kochi,2011,200000,,,,,0.0
Kochi,2011,2A,,,,,0.0
Kochi,2011,2A1,,,,,0.0
Kochi,2011,2A2,,,,,0.0
Kochi,2011,2A3,,,,,0.0
Kochi,2011,2A4,,,,,0.0
Kochi,2011,2A4A,,,,,0.0
Kochi,2011,2A4B,,,,,0.0
Kochi,2011,2A4C,,,,,0.0
Kochi,2011,2A4D,,,,,0.0
Kochi,2011,2B,,,,,0.0
Kochi,2011,2B1,,,,,0.0
Kochi,2011,2B10,,,,,0.0
Kochi,2011,2B2,,,,,0.0
Kochi,2011,2B3,,,,,0.0
Kochi,2011,2B4,,,,,0.0
Kochi,2011,2B5,,,,,0.0
Kochi,2011,2B6,,,,,0.0
Kochi,2011,2B7,,,,,0.0
Kochi,2011,2B8,,,,,0.0
Kochi,2011,2B8A,,,,,0.0
Kochi,2011,2B8B,,,,,0.0
Kochi,2011,2B8C,,,,,0.0
Kochi,2011,2B8D,,,,,0.0
Kochi,2011,2B8E,,,,,0.0
Kochi,2011,2B8F,,,,,0.0
Kochi,2011,2B9,,,,,0.0
Kochi,2011,2B9A,,,,,0.0
Kochi,2011,2B9B,,,,,0.0
Kochi,2011,2C,,,,,0.0
Kochi,2011,2C1,,,,,0.0
Kochi,2011,2C2,,,,,0.0
Kochi,2011,2C3,,,,,0.0
Kochi,2011,2C4,,,,,0.0
Kochi,2011,2C5,,,,,0.0
Kochi,2011,2C6,,,,,0.0
Kochi,2011,2C7,,,,,0.0
Kochi,2011,2D,,,,,0.0
Kochi,2011,2D1,,,,,0.0
Kochi,2011,2D2,,,,,0.0
Kochi,2011,2D3,,,,,0.0
Kochi,2011,2D4,,,,,0.0
Kochi,2011,2E,,,,,0.0
Kochi,2011,2F,,,,,0.0
Kochi,2011,2F1,,,,,0.0
Kochi,2011,2F2,,,,,0.0
Kochi,2011,2F3,,,,,0.0
Kochi,2011,2F4,,,,,0.0
Kochi,2011,2F5,,,,,0.0
Kochi,2011,2F6,,,,,0.0
Kochi,2011,2G,,,,,0.0
Kochi,2011,2G1,,,,,0.0
Kochi,2011,2G2,,,,,0.0
Kochi,2011,2G3,,,,,0.0
Kochi,2011,2G4,,,,,0.0
Kochi,2011,2H,,,,,0.0
Kochi,2011,2H1,,,,,0.0
Kochi,2011,2H2,,,,,0.0
Kochi,2011,2H3,,,,,0.0
Kochi,2011,3,,,,,0.0
Kochi,2011,3A,,,,,0.0
Kochi,2011,3A1,,,,,0.0
Kochi,2011,3A2,,,,,0.0
Kochi,2011,3B,,,,,0.0
Kochi,2011,3B1,,,,,0.0
Kochi,2011,3B1A,,,,,0.0
Kochi,2011,3B1B,,,,,0.0
Kochi,2011,3B2,,,,,0.0
Kochi,2011,3B2A,,,,,0.0
Kochi,2011,3B2B,,,,,0.0
Kochi,2011,3B3,,,,,0.0
Kochi,2011,3B3A,,,,,0.0
Kochi,2011,3B3B,,,,,0.0
Kochi,2011,3B4,,,,,0.0
Kochi,2011,3B4A,,,,,0.0
Kochi,2011,3B4B,,,,,0.0
Kochi,2011,3B5,,,,,0.0
Kochi,2011,3B5A,,,,,0.0
Kochi,2011,3B5B,,,,,0.0
Kochi,2011,3B6,,,,,0.0
Kochi,2011,3B6A,,,,,0.0
Kochi,2011,3B6B,,,,,0.0
Kochi,2011,3B6B1,,,,,0.0
Kochi,2011,3B6B2,,,,,0.0
Kochi,2011,3B6B3,,,,,0.0
Kochi,2011,3B6B4,,,,,0.0
Kochi,2011,3B6B5,,,,,0.0
Kochi,2011,3C,,,,,0.0
Kochi,2011,3C1,,,,,0.0
Kochi,2011,3C2,,,,,0.0
Kochi,2011,3C3,,,,,0.0
Kochi,2011,3C4,,,,,0.0
Kochi,2011,3C5,,,,,0.0
Kochi,2011,3C6,,,,,0.0
Kochi,2011,3C7,,,,,0.0
Kochi,2011,3C8,,,,,0.0
Kochi,2011,3D,,,,,0.0
Kochi,2011,3D1,,,,,0.0
Kochi,2011,3D2,,,,,0.0
Kochi,2011,4,,,,,0.0
Kochi,2011,4A,,,,,0.0
Kochi,2011,4A1,,,,,0.0
Kochi,2011,4A2,,,,,0.0
Kochi,2011,4A3,,,,,0.0
Kochi,2011,4B,,,,,0.0
Kochi,2011,4C,,,,,0.0
Kochi,2011,4C1,,,,,0.0
Kochi,2011,4C2,,,,,0.0
Kochi,2011,4D,,,,,0.0
Kochi,2011,4D1,,,,,0.0
Kochi,2011,4D2,,,,,0.0
Kochi,2011,4E,,,,,0.0
Kochi,2011,5,,,,,0.0
Kochi,2011,5A,,,,,0.0
Kochi,2011,5A1,,,,,0.0
Kochi,2011,5A2,,,,,0.0
Kochi,2012,0,,,,,0.0
Kochi,2012,1,,,,,0.0
Kochi,2012,1A,ABFLOW001,Coal,,,0.0
Kochi,2012,1A,ABFLOW001,Natural gas,,,0.0
Kochi,2012,1A,ABFLOW001,Oil,,,0.0
Kochi,2012,1A1,,Coal,,,0.0
Kochi,2012,1A1,,Natural gas,,,0.0
Kochi,2012,1A1,,Oil,,,0.0
Kochi,2012,1A1A,ABFLOW002,Coal,,,0.0
Kochi,2012,1A1A,ABFLOW002,Natural gas,,,0.0
Kochi,2012,1A1A,ABFLOW002,Oil,,,0.0
Kochi,2012,1A1A1,ABFLOW003,Coal,,,0.0
Kochi,2012,1A1A1,ABFLOW003,Natural gas,,,0.0
Kochi,2012,1A1A1,ABFLOW003,Oil,,,0.0
Kochi,2012,1A1A2,ABFLOW004,Coal,,,0.0
Kochi,2012,1A1A2,ABFLOW004,Natural gas,,,0.0
Kochi,2012,1A1A2,ABFLOW004,Oil,,,0.0
Kochi,2012,1A1A3,ABFLOW005,Coal,,,0.0
Kochi,2012,1A1A3,ABFLOW005,Natural gas,,,0.0
Kochi,2012,1A1A3,ABFLOW005,Oil,,,0.0
Kochi,2012,1A1B,ABFLOW011,Coal,,,0.0
Kochi,2012,1A1B,ABFLOW011,Natural gas,,,0.0
Kochi,2012,1A1B,ABFLOW011,Oil,,,0.0
Kochi,2012,1A1C,ABFLOW011,Coal,,,0.0
Kochi,2012,1A1C,ABFLOW011,Natural gas,,,0.0
Kochi,2012,1A1C,ABFLOW011,Oil,,,0.0
Kochi,2012,1A2,ABFLOW012,Coal,,,0.0
Kochi,2012,1A2,ABFLOW012,Natural gas,,,0.0
Kochi,2012,1A2,ABFLOW012,Oil,,,0.0
Kochi,2012,1A2A,ABFLOW016,Coal,,,0.0
Kochi,2012,1A2A,ABFLOW016,Natural gas,,,0.0
Kochi,2012,1A2A,ABFLOW016,Oil,,,0.0
Kochi,2012,1A2B,ABFLOW018,Coal,,,0.0
Kochi,2012,1A2B,ABFLOW018,Natural gas,,,0.0
Kochi,2012,1A2B,ABFLOW018,Oil,,,0.0
Kochi,2012,1A2C,ABFLOW017,Coal,,,0.0
Kochi,2012,1A2C,ABFLOW017,Natural gas,,,0.0
Kochi,2012,1A2C,ABFLOW017,Oil,,,0.0
Kochi,2012,1A2D,ABFLOW023,Coal,,,0.0
Kochi,2012,1A2D,ABFLOW023,Natural gas,,,0.0
Kochi,2012,1A2D,ABFLOW023,Oil,,,0.0
Kochi,2012,1A2E,ABFLOW022,Coal,,,0.0
Kochi,2012,1A2E,ABFLOW022,Natural gas,,,0.0
Kochi,2012,1A2E,ABFLOW022,Oil,,,0.0
Kochi,2012,1A2F,ABFLOW019,Coal,,,0.0
Kochi,2012,1A2F,ABFLOW019,Natural gas,,,0.0
Kochi,2012,1A2F,ABFLOW019,Oil,,,0.0
Kochi,2012,1A2G,ABFLOW020,Coal,,,0.0
Kochi,2012,1A2G,ABFLOW020,Natural gas,,,0.0
Kochi,2012,1A2G,ABFLOW020,Oil,,,0.0
Kochi,2012,1A2H,ABFLOW021,Coal,,,0.0
Kochi,2012,1A2H,ABFLOW021,Natural gas,,,0.0
Kochi,2012,1A2H,ABFLOW021,Oil,,,0.0
Kochi,2012,1A2I,ABFLOW013,Coal,,,0.0
Kochi,2012,1A2I,ABFLOW013,Natural gas,,,0.0
Kochi,2012,1A2I,ABFLOW013,Oil,,,0.0
Kochi,2012,1A2J,ABFLOW024,Coal,,,0.0
Kochi,2012,1A2J,ABFLOW024,Natural gas,,,0.0
Kochi,2012,1A2J,ABFLOW024,Oil,,,0.0
Kochi,2012,1A2K,ABFLOW014,Coal,,,0.0
Kochi,2012,1A2K,ABFLOW014,Natural gas,,,0.0
Kochi,2012,1A2K,ABFLOW014,Oil,,,0.0
Kochi,2012,1A2L,ABFLOW025,Coal,,,0.0
Kochi,2012,1A2L,ABFLOW025,Natural gas,,,0.0
Kochi,2012,1A2L,ABFLOW025,Oil,,,0.0
Kochi,2012,1A2M,ABFLOW026,Coal,,,0.0
Kochi,2012,1A2M,ABFLOW026,Natural gas,,,0.0
Kochi,2012,1A2M,ABFLOW026,Oil,,,0.0
Kochi,2012,1A3,ABFLOW027,Coal,,,0.0
Kochi,2012,1A3,ABFLOW027,Natural gas,,,0.0
Kochi,2012,1A3,ABFLOW027,Oil,,,0.0
Kochi,2012,1A3A,,Coal,,,0.0
Kochi,2012,1A3A,,Natural gas,,,0.0
Kochi,2012,1A3A,,Oil,,,0.0
Kochi,2012,1A3A1,ABFLOW040,Coal,,,0.0
Kochi,2012,1A3A1,ABFLOW040,Natural gas,,,0.0
Kochi,2012,1A3A1,ABFLOW040,Oil,,,0.0
Kochi,2012,1A3A2,ABFLOW029,Coal,,,0.0
Kochi,2012,1A3A2,ABFLOW029,Natural gas,,,0.0
Kochi,2012,1A3A2,ABFLOW029,Oil,,,0.0
Kochi,2012,1A3B,ABFLOW028,Coal,,,0.0
Kochi,2012,1A3B,ABFLOW028,Natural gas,,,0.0
Kochi,2012,1A3B,ABFLOW028,Oil,,,0.0
Kochi,2012,1A3C,ABFLOW030,Coal,,,0.0
Kochi,2012,1A3C,ABFLOW030,Natural gas,,,0.0
Kochi,2012,1A3C,ABFLOW030,Oil,,,0.0
Kochi,2012,1A3D,,Coal,,,0.0
Kochi,2012,1A3D,,Natural gas,,,0.0
Kochi,2012,1A3D,,Oil,,,0.0
Kochi,2012,1A3D1,ABFLOW039,Coal,,,0.0
Kochi,2012,1A3D1,ABFLOW039,Natural gas,,,0.0
Kochi,2012,1A3D1,ABFLOW039,Oil,,,0.0
Kochi,2012,1A3D2,ABFLOW032,Coal,,,0.0
Kochi,2012,1A3D2,ABFLOW032,Natural gas,,,0.0
Kochi,2012,1A3D2,ABFLOW032,Oil,,,0.0
Kochi,2012,1A3E,,Coal,,,0.0
Kochi,2012,1A3E,,Natural gas,,,0.0
Kochi,2012,1A3E,,Oil,,,0.0
Kochi,2012,1A3E1,ABFLOW033,Coal,,,0.0
Kochi,2012,1A3E1,ABFLOW033,Natural gas,,,0.0
Kochi,2012,1A3E1,ABFLOW033,Oil,,,0.0
Kochi,2012,1A4,,Coal,,,0.0
Kochi,2012,1A4,,Natural gas,,,0.0
Kochi,2012,1A4,,Oil,,,0.0
Kochi,2012,1A4A,ABFLOW035,Coal,,,0.0
Kochi,2012,1A4A,ABFLOW035,Natural gas,,,0.0
Kochi,2012,1A4A,ABFLOW035,Oil,,,0.0
Kochi,2012,1A4B,ABFLOW034,Coal,,,0.0
Kochi,2012,1A4B,ABFLOW034,Natural gas,,,0.0
Kochi,2012,1A4B,ABFLOW034,Oil,,,0.0
Kochi,2012,1A4C,,Coal,,,0.0
Kochi,2012,1A4C,,Natural gas,,,0.0
Kochi,2012,1A4C,,Oil,,,0.0
Kochi,2012,1A4C1,ABFLOW036,Coal,,,0.0
Kochi,2012,1A4C1,ABFLOW036,Natural gas,,,0.0
Kochi,2012,1A4C1,ABFLOW036,Oil,,,0.0
Kochi,2012,1A4C2,ABFLOW037,Coal,,,0.0
Kochi,2012,1A4C2,ABFLOW037,Natural gas,,,0.0
Kochi,2012,1A4C2,ABFLOW037,Oil,,,0.0
Kochi,2012,1A4C3,,Coal,,,0.0
Kochi,2012,1A4C3,,Natural gas,,,0.0
Kochi,2012,1A4C3,,Oil,,,0.0
Kochi,2012,1A5,ABFLOW038,Coal,,,0.0
Kochi,2012,1A5,ABFLOW038,Natural gas,,,0.0
Kochi,2012,1A5,ABFLOW038,Oil,,,0.0
Kochi,2012,1A5A,,Coal,,,0.0
Kochi,2012,1A5A,,Natural gas,,,0.0
Kochi,2012,1A5A,,Oil,,,0.0
Kochi,2012,1A5B,,Coal,,,0.0
Kochi,2012,1A5B,,Natural gas,,,0.0
Kochi,2012,1A5B,,Oil,,,0.0
Kochi,2012,1A5C,,Coal,,,0.0
Kochi,2012,1A5C,,Natural gas,,,0.0
Kochi,2012,1A5C,,Oil,,,0.0
Kochi,2012,1B,,,,,0.0
Kochi,2012,1B1,,,,,0.0
Kochi,2012,1B1A,,,,,0.0
Kochi,2012,1B1A1,,,,,0.0
Kochi,2012,1B1A11,,,,,0.0
Kochi,2012,1B1A12,,,,,0.0
Kochi,2012,1B1A13,,,,,0.0
Kochi,2012,1B1A14,,,,,0.0
Kochi,2012,1B1A2,,,,,0.0
Kochi,2012,1B1A21,,,,,0.0
Kochi,2012,1B1A22,,,,,0.0
Kochi,2012,1B1B,,,,,0.0
Kochi,2012,1B2,,,,,0.0
Kochi,2012,1B2A,,,,,0.0
Kochi,2012,1B2A1,,,,,0.0
Kochi,2012,1B2A2,,,,,0.0
Kochi,2012,1B2A3,,,,,0.0
Kochi,2012,1B2A31,,,,,0.0
Kochi,2012,1B2A32,,,,,0.0
Kochi,2012,1B2A33,,,,,0.0
Kochi,2012,1B2A34,,,,,0.0
Kochi,2012,1B2A35,,,,,0.0
Kochi,2012,1B2A36,,,,,0.0
Kochi,2012,1B2B,,,,,0.0
Kochi,2012,1B2B1,,,,,0.0
Kochi,2012,1B2B2,,,,,0.0
Kochi,2012,1B2B3,,,,,0.0
Kochi,2012,1B2B31,,,,,0.0
Kochi,2012,1B2B32,,,,,0.0
Kochi,2012,1B2B33,,,,,0.0
Kochi,2012,1B2B34,,,,,0.0
Kochi,2012,1B2B35,,,,,0.0
Kochi,2012,1B2B36,,,,,0.0
Kochi,2012,1B3,,,,,0.0
Kochi,2012,1C,,,,,0.0
Kochi,2012,1C1,,,,,0.0
Kochi,2012,1C1A,,,,,0.0
Kochi,2012,1C1B,,,,,0.0
Kochi,2012,1C1C,,,,,0.0
Kochi,2012,1C2,,,,,0.0
Kochi,2012,1C2A,,,,,0.0
Kochi,2012,1C2B,,,,,0.0
Kochi,2012,1C3,,,,,0.0
Kochi,2012,2,,,,,0.0
Kochi,2012,20,,,,,0.0
Kochi,2012,200,,,,,0.0
Kochi,2012,2000,,,,,0.0
Kochi,2012,20000,,,,,0.0
Kochi,2012,200000,,,,,0.0
Kochi,2012,2A,,,,,0.0
Kochi,2012,2A1,,,,,0.0
Kochi,2012,2A2,,,,,0.0
Kochi,2012,2A3,,,,,0.0
Kochi,2012,2A4,,,,,0.0
Kochi,2012,2A4A,,,,,0.0
Kochi,2012,2A4B,,,,,0.0
Kochi,2012,2A4C,,,,,0.0
Kochi,2012,2A4D,,,,,0.0
Kochi,2012,2B,,,,,0.0
Kochi,2012,2B1,,,,,0.0
Kochi,2012,2B10,,,,,0.0
Kochi,2012,2B2,,,,,0.0
Kochi,2012,2B3,,,,,0.0
Kochi,2012,2B4,,,,,0.0
Kochi,2012,2B5,,,,,0.0
Kochi,2012,2B6,,,,,0.0
Kochi,2012,2B7,,,,,0.0
Kochi,2012,2B8,,,,,0.0
Kochi,2012,2B8A,,,,,0.0
Kochi,2012,2B8B,,,,,0.0
Kochi,2012,2B8C,,,,,0.0
Kochi,2012,2B8D,,,,,0.0
Kochi,2012,2B8E,,,,,0.0
Kochi,2012,2B8F,,,,,0.0
Kochi,2012,2B9,,,,,0.0
Kochi,2012,2B9A,,,,,0.0
Kochi,2012,2B9B,,,,,0.0
Kochi,2012,2C,,,,,0.0
Kochi,2012,2C1,,,,,0.0
Kochi,2012,2C2,,,,,0.0
Kochi,2012,2C3,,,,,0.0
Kochi,2012,2C4,,,,,0.0
Kochi,2012,2C5,,,,,0.0
Kochi,2012,2C6,,,,,0.0
Kochi,2012,2C7,,,,,0.0
Kochi,2012,2D,,,,,0.0
Kochi,2012,2D1,,,,,0.0
Kochi,2012,2D2,,,,,0.0
Kochi,2012,2D3,,,,,0.0
Kochi,2012,2D4,,,,,0.0
Kochi,2012,2E,,,,,0.0
Kochi,2012,2F,,,,,0.0
Kochi,2012,2F1,,,,,0.0
Kochi,2012,2F2,,,,,0.0
Kochi,2012,2F3,,,,,0.0
Kochi,2012,2F4,,,,,0.0
Kochi,2012,2F5,,,,,0.0
Kochi,2012,2F6,,,,,0.0
Kochi,2012,2G,,,,,0.0
Kochi,2012,2G1,,,,,0.0
Kochi,2012,2G2,,,,,0.0
Kochi,2012,2G3,,,,,0.0
Kochi,2012,2G4,,,,,0.0
Kochi,2012,2H,,,,,0.0
Kochi,2012,2H1,,,,,0.0
Kochi,2012,2H2,,,,,0.0
Kochi,2012,2H3,,,,,0.0
Kochi,2012,3,,,,,0.0
Kochi,2012,3A,,,,,0.0
Kochi,2012,3A1,,,,,0.0
Kochi,2012,3A2,,,,,0.0
Kochi,2012,3B,,,,,0.0
Kochi,2012,3B1,,,,,0.0
Kochi,2012,3B1A,,,,,0.0
Kochi,2012,3B1B,,,,,0.0
Kochi,2012,3B2,,,,,0.0
Kochi,2012,3B2A,,,,,0.0
Kochi,2012,3B2B,,,,,0.0
Kochi,2012,3B3,,,,,0.0
Kochi,2012,3B3A,,,,,0.0
Kochi,2012,3B3B,,,,,0.0
Kochi,2012,3B4,,,,,0.0
Kochi,2012,3B4A,,,,,0.0
Kochi,2012,3B4B,,,,,0.0
Kochi,2012,3B5,,,,,0.0
Kochi,2012,3B5A,,,,,0.0
Kochi,2012,3B5B,,,,,0.0
Kochi,2012,3B6,,,,,0.0
Kochi,2012,3B6A,,,,,0.0
Kochi,2012,3B6B,,,,,0.0
Kochi,2012,3B6B1,,,,,0.0
Kochi,2012,3B6B2,,,,,0.0
Kochi,2012,3B6B3,,,,,0.0
Kochi,2012,3B6B4,,,,,0.0
Kochi,2012,3B6B5,,,,,0.0
Kochi,2012,3C,,,,,0.0
Kochi,2012,3C1,,,,,0.0
Kochi,2012,3C2,,,,,0.0
Kochi,2012,3C3,,,,,0.0
Kochi,2012,3C4,,,,,0.0
Kochi,2012,3C5,,,,,0.0
Kochi,2012,3C6,,,,,0.0
Kochi,2012,3C7,,,,,0.0
Kochi,2012,3C8,,,,,0.0
Kochi,2012,3D,,,,,0.0
Kochi,2012,3D1,,,,,0.0
Kochi,2012,3D2,,,,,0.0
Kochi,2012,4,,,,,0.0
Kochi,2012,4A,,,,,0.0
Kochi,2012,4A1,,,,,0.0
Kochi,2012,4A2,,,,,0.0
Kochi,2012,4A3,,,,,0.0
Kochi,2012,4B,,,,,0.0
Kochi,2012,4C,,,,,0.0
Kochi,2012,4C1,,,,,0.0
Kochi,2012,4C2,,,,,0.0
Kochi,2012,4D,,,,,0.0
Kochi,2012,4D1,,,,,0.0
Kochi,2012,4D2,,,,,0.0
Kochi,2012,4E,,,,,0.0
Kochi,2012,5,,,,,0.0
Kochi,2012,5A,,,,,0.0
Kochi,2012,5A1,,,,,0.0
Kochi,2012,5A2,,,,,0.0
Kochi,2013,0,,,,,0.0
Kochi,2013,1,,,,,0.0
Kochi,2013,1A,ABFLOW001,Coal,,,0.0
Kochi,2013,1A,ABFLOW001,Natural gas,,,0.0
Kochi,2013,1A,ABFLOW001,Oil,,,0.0
Kochi,2013,1A1,,Coal,,,0.0
Kochi,2013,1A1,,Natural gas,,,0.0
Kochi,2013,1A1,,Oil,,,0.0
Kochi,2013,1A1A,ABFLOW002,Coal,,,0.0
Kochi,2013,1A1A,ABFLOW002,Natural gas,,,0.0
Kochi,2013,1A1A,ABFLOW002,Oil,,,0.0
Kochi,2013,1A1A1,ABFLOW003,Coal,,,0.0
Kochi,2013,1A1A1,ABFLOW003,Natural gas,,,0.0
Kochi,2013,1A1A1,ABFLOW003,Oil,,,0.0
Kochi,2013,1A1A2,ABFLOW004,Coal,,,0.0
Kochi,2013,1A1A2,ABFLOW004,Natural gas,,,0.0
Kochi,2013,1A1A2,ABFLOW004,Oil,,,0.0
Kochi,2013,1A1A3,ABFLOW005,Coal,,,0.0
Kochi,2013,1A1A3,ABFLOW005,Natural gas,,,0.0
Kochi,2013,1A1A3,ABFLOW005,Oil,,,0.0
Kochi,2013,1A1B,ABFLOW011,Coal,,,0.0
Kochi,2013,1A1B,ABFLOW011,Natural gas,,,0.0
Kochi,2013,1A1B,ABFLOW011,Oil,,,0.0
Kochi,2013,1A1C,ABFLOW011,Coal,,,0.0
Kochi,2013,1A1C,ABFLOW011,Natural gas,,,0.0
Kochi,2013,1A1C,ABFLOW011,Oil,,,0.0
Kochi,2013,1A2,ABFLOW012,Coal,,,0.0
Kochi,2013,1A2,ABFLOW012,Natural gas,,,0.0
Kochi,2013,1A2,ABFLOW012,Oil,,,0.0
Kochi,2013,1A2A,ABFLOW016,Coal,,,0.0
Kochi,2013,1A2A,ABFLOW016,Natural gas,,,0.0
Kochi,2013,1A2A,ABFLOW016,Oil,,,0.0
Kochi,2013,1A2B,ABFLOW018,Coal,,,0.0
Kochi,2013,1A2B,ABFLOW018,Natural gas,,,0.0
Kochi,2013,1A2B,ABFLOW018,Oil,,,0.0
Kochi,2013,1A2C,ABFLOW017,Coal,,,0.0
Kochi,2013,1A2C,ABFLOW017,Natural gas,,,0.0
Kochi,2013,1A2C,ABFLOW017,Oil,,,0.0
Kochi,2013,1A2D,ABFLOW023,Coal,,,0.0
Kochi,2013,1A2D,ABFLOW023,Natural gas,,,0.0
Kochi,2013,1A2D,ABFLOW023,Oil,,,0.0
Kochi,2013,1A2E,ABFLOW022,Coal,,,0.0
Kochi,2013,1A2E,ABFLOW022,Natural gas,,,0.0
Kochi,2013,1A2E,ABFLOW022,Oil,,,0.0
Kochi,2013,1A2F,ABFLOW019,Coal,,,0.0
Kochi,2013,1A2F,ABFLOW019,Natural gas,,,0.0
Kochi,2013,1A2F,ABFLOW019,Oil,,,0.0
Kochi,2013,1A2G,ABFLOW020,Coal,,,0.0
Kochi,2013,1A2G,ABFLOW020,Natural gas,,,0.0
Kochi,2013,1A2G,ABFLOW020,Oil,,,0.0
Kochi,2013,1A2H,ABFLOW021,Coal,,,0.0
Kochi,2013,1A2H,ABFLOW021,Natural gas,,,0.0
Kochi,2013,1A2H,ABFLOW021,Oil,,,0.0
Kochi,2013,1A2I,ABFLOW013,Coal,,,0.0
Kochi,2013,1A2I,ABFLOW013,Natural gas,,,0.0
Kochi,2013,1A2I,ABFLOW013,Oil,,,0.0
Kochi,2013,1A2J,ABFLOW024,Coal,,,0.0
Kochi,2013,1A2J,ABFLOW024,Natural gas,,,0.0
Kochi,2013,1A2J,ABFLOW024,Oil,,,0.0
Kochi,2013,1A2K,ABFLOW014,Coal,,,0.0
Kochi,2013,1A2K,ABFLOW014,Natural gas,,,0.0
Kochi,2013,1A2K,ABFLOW014,Oil,,,0.0
Kochi,2013,1A2L,ABFLOW025,Coal,,,0.0
Kochi,2013,1A2L,ABFLOW025,Natural gas,,,0.0
Kochi,2013,1A2L,ABFLOW025,Oil,,,0.0
Kochi,2013,1A2M,ABFLOW026,Coal,,,0.0
Kochi,2013,1A2M,ABFLOW026,Natural gas,,,0.0
Kochi,2013,1A2M,ABFLOW026,Oil,,,0.0
Kochi,2013,1A3,ABFLOW027,Coal,,,0.0
Kochi,2013,1A3,ABFLOW027,Natural gas,,,0.0
Kochi,2013,1A3,ABFLOW027,Oil,,,0.0
Kochi,2013,1A3A,,Coal,,,0.0
Kochi,2013,1A3A,,Natural gas,,,0.0
Kochi,2013,1A3A,,Oil,,,0.0
Kochi,2013,1A3A1,ABFLOW040,Coal,,,0.0
Kochi,2013,1A3A1,ABFLOW040,Natural gas,,,0.0
Kochi,2013,1A3A1,ABFLOW040,Oil,,,0.0
Kochi,2013,1A3A2,ABFLOW029,Coal,,,0.0
Kochi,2013,1A3A2,ABFLOW029,Natural gas,,,0.0
Kochi,2013,1A3A2,ABFLOW029,Oil,,,0.0
Kochi,2013,1A3B,ABFLOW028,Coal,,,0.0
Kochi,2013,1A3B,ABFLOW028,Natural gas,,,0.0
Kochi,2013,1A3B,ABFLOW028,Oil,,,0.0
Kochi,2013,1A3C,ABFLOW030,Coal,,,0.0
Kochi,2013,1A3C,ABFLOW030,Natural gas,,,0.0
Kochi,2013,1A3C,ABFLOW030,Oil,,,0.0
Kochi,2013,1A3D,,Coal,,,0.0
Kochi,2013,1A3D,,Natural gas,,,0.0
Kochi,2013,1A3D,,Oil,,,0.0
Kochi,2013,1A3D1,ABFLOW039,Coal,,,0.0
Kochi,2013,1A3D1,ABFLOW039,Natural gas,,,0.0
Kochi,2013,1A3D1,ABFLOW039,Oil,,,0.0
Kochi,2013,1A3D2,ABFLOW032,Coal,,,0.0
Kochi,2013,1A3D2,ABFLOW032,Natural gas,,,0.0
Kochi,2013,1A3D2,ABFLOW032,Oil,,,0.0
Kochi,2013,1A3E,,Coal,,,0.0
Kochi,2013,1A3E,,Natural gas,,,0.0
Kochi,2013,1A3E,,Oil,,,0.0
Kochi,2013,1A3E1,ABFLOW033,Coal,,,0.0
Kochi,2013,1A3E1,ABFLOW033,Natural gas,,,0.0
Kochi,2013,1A3E1,ABFLOW033,Oil,,,0.0
Kochi,2013,1A4,,Coal,,,0.0
Kochi,2013,1A4,,Natural gas,,,0.0
Kochi,2013,1A4,,Oil,,,0.0
Kochi,2013,1A4A,ABFLOW035,Coal,,,0.0
Kochi,2013,1A4A,ABFLOW035,Natural gas,,,0.0
Kochi,2013,1A4A,ABFLOW035,Oil,,,0.0
Kochi,2013,1A4B,ABFLOW034,Coal,,,0.0
Kochi,2013,1A4B,ABFLOW034,Natural gas,,,0.0
Kochi,2013,1A4B,ABFLOW034,Oil,,,0.0
Kochi,2013,1A4C,,Coal,,,0.0
Kochi,2013,1A4C,,Natural gas,,,0.0
Kochi,2013,1A4C,,Oil,,,0.0
Kochi,2013,1A4C1,ABFLOW036,Coal,,,0.0
Kochi,2013,1A4C1,ABFLOW036,Natural gas,,,0.0
Kochi,2013,1A4C1,ABFLOW036,Oil,,,0.0
Kochi,2013,1A4C2,ABFLOW037,Coal,,,0.0
Kochi,2013,1A4C2,ABFLOW037,Natural gas,,,0.0
Kochi,2013,1A4C2,ABFLOW037,Oil,,,0.0
Kochi,2013,1A4C3,,Coal,,,0.0
Kochi,2013,1A4C3,,Natural gas,,,0.0
Kochi,2013,1A4C3,,Oil,,,0.0
Kochi,2013,1A5,ABFLOW038,Coal,,,0.0
Kochi,2013,1A5,ABFLOW038,Natural gas,,,0.0
Kochi,2013,1A5,ABFLOW038,Oil,,,0.0
Kochi,2013,1A5A,,Coal,,,0.0
Kochi,2013,1A5A,,Natural gas,,,0.0
Kochi,2013,1A5A,,Oil,,,0.0
Kochi,2013,1A5B,,Coal,,,0.0
Kochi,2013,1A5B,,Natural gas,,,0.0
Kochi,2013,1A5B,,Oil,,,0.0
Kochi,2013,1A5C,,Coal,,,0.0
Kochi,2013,1A5C,,Natural gas,,,0.0
Kochi,2013,1A5C,,Oil,,,0.0
Kochi,2013,1B,,,,,0.0
Kochi,2013,1B1,,,,,0.0
Kochi,2013,1B1A,,,,,0.0
Kochi,2013,1B1A1,,,,,0.0
Kochi,2013,1B1A11,,,,,0.0
Kochi,2013,1B1A12,,,,,0.0
Kochi,2013,1B1A13,,,,,0.0
Kochi,2013,1B1A14,,,,,0.0
Kochi,2013,1B1A2,,,,,0.0
Kochi,2013,1B1A21,,,,,0.0
Kochi,2013,1B1A22,,,,,0.0
Kochi,2013,1B1B,,,,,0.0
Kochi,2013,1B2,,,,,0.0
Kochi,2013,1B2A,,,,,0.0
Kochi,2013,1B2A1,,,,,0.0
Kochi,2013,1B2A2,,,,,0.0
Kochi,2013,1B2A3,,,,,0.0
Kochi,2013,1B2A31,,,,,0.0
Kochi,2013,1B2A32,,,,,0.0
Kochi,2013,1B2A33,,,,,0.0
Kochi,2013,1B2A34,,,,,0.0
Kochi,2013,1B2A35,,,,,0.0
Kochi,2013,1B2A36,,,,,0.0
Kochi,2013,1B2B,,,,,0.0
Kochi,2013,1B2B1,,,,,0.0
Kochi,2013,1B2B2,,,,,0.0
Kochi,2013,1B2B3,,,,,0.0
Kochi,2013,1B2B31,,,,,0.0
Kochi,2013,1B2B32,,,,,0.0
Kochi,2013,1B2B33,,,,,0.0
Kochi,2013,1B2B34,,,,,0.0
Kochi,2013,1B2B35,,,,,0.0
Kochi,2013,1B2B36,,,,,0.0
Kochi,2013,1B3,,,,,0.0
Kochi,2013,1C,,,,,0.0
Kochi,2013,1C1,,,,,0.0
Kochi,2013,1C1A,,,,,0.0
Kochi,2013,1C1B,,,,,0.0
Kochi,2013,1C1C,,,,,0.0
Kochi,2013,1C2,,,,,0.0
Kochi,2013,1C2A,,,,,0.0
Kochi,2013,1C2B,,,,,0.0
Kochi,2013,1C3,,,,,0.0
Kochi,2013,2,,,,,0.0
Kochi,2013,20,,,,,0.0
Kochi,2013,200,,,,,0.0
Kochi,2013,2000,,,,,0.0
Kochi,2013,20000,,,,,0.0
Kochi,2013,200000,,,,,0.0
Kochi,2013,2A,,,,,0.0
Kochi,2013,2A1,,,,,0.0
Kochi,2013,2A2,,,,,0.0
Kochi,2013,2A3,,,,,0.0
Kochi,2013,2A4,,,,,0.0
Kochi,2013,2A4A,,,,,0.0
Kochi,2013,2A4B,,,,,0.0
Kochi,2013,2A4C,,,,,0.0
Kochi,2013,2A4D,,,,,0.0
Kochi,2013,2B,,,,,0.0
Kochi,2013,2B1,,,,,0.0
Kochi,2013,2B10,,,,,0.0
Kochi,2013,2B2,,,,,0.0
Kochi,2013,2B3,,,,,0.0
Kochi,2013,2B4,,,,,0.0
Kochi,2013,2B5,,,,,0.0
Kochi,2013,2B6,,,,,0.0
Kochi,2013,2B7,,,,,0.0
Kochi,2013,2B8,,,,,0.0
Kochi,2013,2B8A,,,,,0.0
Kochi,2013,2B8B,,,,,0.0
Kochi,2013,2B8C,,,,,0.0
Kochi,2013,2B8D,,,,,0.0
Kochi,2013,2B8E,,,,,0.0
Kochi,2013,2B8F,,,,,0.0
Kochi,2013,2B9,,,,,0.0
Kochi,2013,2B9A,,,,,0.0
Kochi,2013,2B9B,,,,,0.0
Kochi,2013,2C,,,,,0.0
Kochi,2013,2C1,,,,,0.0
Kochi,2013,2C2,,,,,0.0
Kochi,2013,2C3,,,,,0.0
Kochi,2013,2C4,,,,,0.0
Kochi,2013,2C5,,,,,0.0
Kochi,2013,2C6,,,,,0.0
Kochi,2013,2C7,,,,,0.0
Kochi,2013,2D,,,,,0.0
Kochi,2013,2D1,,,,,0.0
Kochi,2013,2D2,,,,,0.0
Kochi,2013,2D3,,,,,0.0
Kochi,2013,2D4,,,,,0.0
Kochi,2013,2E,,,,,0.0
Kochi,2013,2F,,,,,0.0
Kochi,2013,2F1,,,,,0.0
Kochi,2013,2F2,,,,,0.0
Kochi,2013,2F3,,,,,0.0
Kochi,2013,2F4,,,,,0.0
Kochi,2013,2F5,,,,,0.0
Kochi,2013,2F6,,,,,0.0
Kochi,2013,2G,,,,,0.0
Kochi,2013,2G1,,,,,0.0
Kochi,2013,2G2,,,,,0.0
Kochi,2013,2G3,,,,,0.0
Kochi,2013,2G4,,,,,0.0
Kochi,2013,2H,,,,,0.0
Kochi,2013,2H1,,,,,0.0
Kochi,2013,2H2,,,,,0.0
Kochi,2013,2H3,,,,,0.0
Kochi,2013,3,,,,,0.0
Kochi,2013,3A,,,,,0.0
Kochi,2013,3A1,,,,,0.0
Kochi,2013,3A2,,,,,0.0
Kochi,2013,3B,,,,,0.0
Kochi,2013,3B1,,,,,0.0
Kochi,2013,3B1A,,,,,0.0
Kochi,2013,3B1B,,,,,0.0
Kochi,2013,3B2,,,,,0.0
Kochi,2013,3B2A,,,,,0.0
Kochi,2013,3B2B,,,,,0.0
Kochi,2013,3B3,,,,,0.0
Kochi,2013,3B3A,,,,,0.0
Kochi,2013,3B3B,,,,,0.0
Kochi,2013,3B4,,,,,0.0
Kochi,2013,3B4A,,,,,0.0
Kochi,2013,3B4B,,,,,0.0
Kochi,2013,3B5,,,,,0.0
Kochi,2013,3B5A,,,,,0.0
Kochi,2013,3B5B,,,,,0.0
Kochi,2013,3B6,,,,,0.0
Kochi,2013,3B6A,,,,,0.0
Kochi,2013,3B6B,,,,,0.0
Kochi,2013,3B6B1,,,,,0.0
Kochi,2013,3B6B2,,,,,0.0
Kochi,2013,3B6B3,,,,,0.0
Kochi,2013,3B6B4,,,,,0.0
Kochi,2013,3B6B5,,,,,0.0
Kochi,2013,3C,,,,,0.0
Kochi,2013,3C1,,,,,0.0
Kochi,2013,3C2,,,,,0.0
Kochi,2013,3C3,,,,,0.0
Kochi,2013,3C4,,,,,0.0
Kochi,2013,3C5,,,,,0.0
Kochi,2013,3C6,,,,,0.0
Kochi,2013,3C7,,,,,0.0
Kochi,2013,3C8,,,,,0.0
Kochi,2013,3D,,,,,0.0
Kochi,2013,3D1,,,,,0.0
Kochi,2013,3D2,,,,,0.0
Kochi,2013,4,,,,,0.0
Kochi,2013,4A,,,,,0.0
Kochi,2013,4A1,,,,,0.0
Kochi,2013,4A2,,,,,0.0
Kochi,2013,4A3,,,,,0.0
Kochi,2013,4B,,,,,0.0
Kochi,2013,4C,,,,,0.0
Kochi,2013,4C1,,,,,0.0
Kochi,2013,4C2,,,,,0.0
Kochi,2013,4D,,,,,0.0
Kochi,2013,4D1,,,,,0.0
Kochi,2013,4D2,,,,,0.0
Kochi,2013,4E,,,,,0.0
Kochi,2013,5,,,,,0.0
Kochi,2013,5A,,,,,0.0
Kochi,2013,5A1,,,,,0.0
Kochi,2013,5A2,,,,,0.0
Kochi,2014,0,,,,,0.0
Kochi,2014,1,,,,,0.0
Kochi,2014,1A,ABFLOW001,Coal,,,0.0
Kochi,2014,1A,ABFLOW001,Natural gas,,,0.0
Kochi,2014,1A,ABFLOW001,Oil,,,0.0
Kochi,2014,1A1,,Coal,,,0.0
Kochi,2014,1A1,,Natural gas,,,0.0
Kochi,2014,1A1,,Oil,,,0.0
Kochi,2014,1A1A,ABFLOW002,Coal,,,0.0
Kochi,2014,1A1A,ABFLOW002,Natural gas,,,0.0
Kochi,2014,1A1A,ABFLOW002,Oil,,,0.0
Kochi,2014,1A1A1,ABFLOW003,Coal,,,0.0
Kochi,2014,1A1A1,ABFLOW003,Natural gas,,,0.0
Kochi,2014,1A1A1,ABFLOW003,Oil,,,0.0
Kochi,2014,1A1A2,ABFLOW004,Coal,,,0.0
Kochi,2014,1A1A2,ABFLOW004,Natural gas,,,0.0
Kochi,2014,1A1A2,ABFLOW004,Oil,,,0.0
Kochi,2014,1A1A3,ABFLOW005,Coal,,,0.0
Kochi,2014,1A1A3,ABFLOW005,Natural gas,,,0.0
Kochi,2014,1A1A3,ABFLOW005,Oil,,,0.0
Kochi,2014,1A1B,ABFLOW011,Coal,,,0.0
Kochi,2014,1A1B,ABFLOW011,Natural gas,,,0.0
Kochi,2014,1A1B,ABFLOW011,Oil,,,0.0
Kochi,2014,1A1C,ABFLOW011,Coal,,,0.0
Kochi,2014,1A1C,ABFLOW011,Natural gas,,,0.0
Kochi,2014,1A1C,ABFLOW011,Oil,,,0.0
Kochi,2014,1A2,ABFLOW012,Coal,,,0.0
Kochi,2014,1A2,ABFLOW012,Natural gas,,,0.0
Kochi,2014,1A2,ABFLOW012,Oil,,,0.0
Kochi,2014,1A2A,ABFLOW016,Coal,,,0.0
Kochi,2014,1A2A,ABFLOW016,Natural gas,,,0.0
Kochi,2014,1A2A,ABFLOW016,Oil,,,0.0
Kochi,2014,1A2B,ABFLOW018,Coal,,,0.0
Kochi,2014,1A2B,ABFLOW018,Natural gas,,,0.0
Kochi,2014,1A2B,ABFLOW018,Oil,,,0.0
Kochi,2014,1A2C,ABFLOW017,Coal,,,0.0
Kochi,2014,1A2C,ABFLOW017,Natural gas,,,0.0
Kochi,2014,1A2C,ABFLOW017,Oil,,,0.0
Kochi,2014,1A2D,ABFLOW023,Coal,,,0.0
Kochi,2014,1A2D,ABFLOW023,Natural gas,,,0.0
Kochi,2014,1A2D,ABFLOW023,Oil,,,0.0
Kochi,2014,1A2E,ABFLOW022,Coal,,,0.0
Kochi,2014,1A2E,ABFLOW022,Natural gas,,,0.0
Kochi,2014,1A2E,ABFLOW022,Oil,,,0.0
Kochi,2014,1A2F,ABFLOW019,Coal,,,0.0
Kochi,2014,1A2F,ABFLOW019,Natural gas,,,0.0
Kochi,2014,1A2F,ABFLOW019,Oil,,,0.0
Kochi,2014,1A2G,ABFLOW020,Coal,,,0.0
Kochi,2014,1A2G,ABFLOW020,Natural gas,,,0.0
Kochi,2014,1A2G,ABFLOW020,Oil,,,0.0
Kochi,2014,1A2H,ABFLOW021,Coal,,,0.0
Kochi,2014,1A2H,ABFLOW021,Natural gas,,,0.0
Kochi,2014,1A2H,ABFLOW021,Oil,,,0.0
Kochi,2014,1A2I,ABFLOW013,Coal,,,0.0
Kochi,2014,1A2I,ABFLOW013,Natural gas,,,0.0
Kochi,2014,1A2I,ABFLOW013,Oil,,,0.0
Kochi,2014,1A2J,ABFLOW024,Coal,,,0.0
Kochi,2014,1A2J,ABFLOW024,Natural gas,,,0.0
Kochi,2014,1A2J,ABFLOW024,Oil,,,0.0
Kochi,2014,1A2K,ABFLOW014,Coal,,,0.0
Kochi,2014,1A2K,ABFLOW014,Natural gas,,,0.0
Kochi,2014,1A2K,ABFLOW014,Oil,,,0.0
Kochi,2014,1A2L,ABFLOW025,Coal,,,0.0
Kochi,2014,1A2L,ABFLOW025,Natural gas,,,0.0
Kochi,2014,1A2L,ABFLOW025,Oil,,,0.0
Kochi,2014,1A2M,ABFLOW026,Coal,,,0.0
Kochi,2014,1A2M,ABFLOW026,Natural gas,,,0.0
Kochi,2014,1A2M,ABFLOW026,Oil,,,0.0
Kochi,2014,1A3,ABFLOW027,Coal,,,0.0
Kochi,2014,1A3,ABFLOW027,Natural gas,,,0.0
Kochi,2014,1A3,ABFLOW027,Oil,,,0.0
Kochi,2014,1A3A,,Coal,,,0.0
Kochi,2014,1A3A,,Natural gas,,,0.0
Kochi,2014,1A3A,,Oil,,,0.0
Kochi,2014,1A3A1,ABFLOW040,Coal,,,0.0
Kochi,2014,1A3A1,ABFLOW040,Natural gas,,,0.0
Kochi,2014,1A3A1,ABFLOW040,Oil,,,0.0
Kochi,2014,1A3A2,ABFLOW029,Coal,,,0.0
Kochi,2014,1A3A2,ABFLOW029,Natural gas,,,0.0
Kochi,2014,1A3A2,ABFLOW029,Oil,,,0.0
Kochi,2014,1A3B,ABFLOW028,Coal,,,0.0
Kochi,2014,1A3B,ABFLOW028,Natural gas,,,0.0
Kochi,2014,1A3B,ABFLOW028,Oil,,,0.0
Kochi,2014,1A3C,ABFLOW030,Coal,,,0.0
Kochi,2014,1A3C,ABFLOW030,Natural gas,,,0.0
Kochi,2014,1A3C,ABFLOW030,Oil,,,0.0
Kochi,2014,1A3D,,Coal,,,0.0
Kochi,2014,1A3D,,Natural gas,,,0.0
Kochi,2014,1A3D,,Oil,,,0.0
Kochi,2014,1A3D1,ABFLOW039,Coal,,,0.0
Kochi,2014,1A3D1,ABFLOW039,Natural gas,,,0.0
Kochi,2014,1A3D1,ABFLOW039,Oil,,,0.0
Kochi,2014,1A3D2,ABFLOW032,Coal,,,0.0
Kochi,2014,1A3D2,ABFLOW032,Natural gas,,,0.0
Kochi,2014,1A3D2,ABFLOW032,Oil,,,0.0
Kochi,2014,1A3E,,Coal,,,0.0
Kochi,2014,1A3E,,Natural gas,,,0.0
Kochi,2014,1A3E,,Oil,,,0.0
Kochi,2014,1A3E1,ABFLOW033,Coal,,,0.0
Kochi,2014,1A3E1,ABFLOW033,Natural gas,,,0.0
Kochi,2014,1A3E1,ABFLOW033,Oil,,,0.0
Kochi,2014,1A4,,Coal,,,0.0
Kochi,2014,1A4,,Natural gas,,,0.0
Kochi,2014,1A4,,Oil,,,0.0
Kochi,2014,1A4A,ABFLOW035,Coal,,,0.0
Kochi,2014,1A4A,ABFLOW035,Natural gas,,,0.0
Kochi,2014,1A4A,ABFLOW035,Oil,,,0.0
Kochi,2014,1A4B,ABFLOW034,Coal,,,0.0
Kochi,2014,1A4B,ABFLOW034,Natural gas,,,0.0
Kochi,2014,1A4B,ABFLOW034,Oil,,,0.0
Kochi,2014,1A4C,,Coal,,,0.0
Kochi,2014,1A4C,,Natural gas,,,0.0
Kochi,2014,1A4C,,Oil,,,0.0
Kochi,2014,1A4C1,ABFLOW036,Coal,,,0.0
Kochi,2014,1A4C1,ABFLOW036,Natural gas,,,0.0
Kochi,2014,1A4C1,ABFLOW036,Oil,,,0.0
Kochi,2014,1A4C2,ABFLOW037,Coal,,,0.0
Kochi,2014,1A4C2,ABFLOW037,Natural gas,,,0.0
Kochi,2014,1A4C2,ABFLOW037,Oil,,,0.0
Kochi,2014,1A4C3,,Coal,,,0.0
Kochi,2014,1A4C3,,Natural gas,,,0.0
Kochi,2014,1A4C3,,Oil,,,0.0
Kochi,2014,1A5,ABFLOW038,Coal,,,0.0
Kochi,2014,1A5,ABFLOW038,Natural gas,,,0.0
Kochi,2014,1A5,ABFLOW038,Oil,,,0.0
Kochi,2014,1A5A,,Coal,,,0.0
Kochi,2014,1A5A,,Natural gas,,,0.0
Kochi,2014,1A5A,,Oil,,,0.0
Kochi,2014,1A5B,,Coal,,,0.0
Kochi,2014,1A5B,,Natural gas,,,0.0
Kochi,2014,1A5B,,Oil,,,0.0
Kochi,2014,1A5C,,Coal,,,0.0
Kochi,2014,1A5C,,Natural gas,,,0.0
Kochi,2014,1A5C,,Oil,,,0.0
Kochi,2014,1B,,,,,0.0
Kochi,2014,1B1,,,,,0.0
Kochi,2014,1B1A,,,,,0.0
Kochi,2014,1B1A1,,,,,0.0
Kochi,2014,1B1A11,,,,,0.0
Kochi,2014,1B1A12,,,,,0.0
Kochi,2014,1B1A13,,,,,0.0
Kochi,2014,1B1A14,,,,,0.0
Kochi,2014,1B1A2,,,,,0.0
Kochi,2014,1B1A21,,,,,0.0
Kochi,2014,1B1A22,,,,,0.0
Kochi,2014,1B1B,,,,,0.0
Kochi,2014,1B2,,,,,0.0
Kochi,2014,1B2A,,,,,0.0
Kochi,2014,1B2A1,,,,,0.0
Kochi,2014,1B2A2,,,,,0.0
Kochi,2014,1B2A3,,,,,0.0
Kochi,2014,1B2A31,,,,,0.0
Kochi,2014,1B2A32,,,,,0.0
Kochi,2014,1B2A33,,,,,0.0
Kochi,2014,1B2A34,,,,,0.0
Kochi,2014,1B2A35,,,,,0.0
Kochi,2014,1B2A36,,,,,0.0
Kochi,2014,1B2B,,,,,0.0
Kochi,2014,1B2B1,,,,,0.0
Kochi,2014,1B2B2,,,,,0.0
Kochi,2014,1B2B3,,,,,0.0
Kochi,2014,1B2B31,,,,,0.0
Kochi,2014,1B2B32,,,,,0.0
Kochi,2014,1B2B33,,,,,0.0
Kochi,2014,1B2B34,,,,,0.0
Kochi,2014,1B2B35,,,,,0.0
Kochi,2014,1B2B36,,,,,0.0
Kochi,2014,1B3,,,,,0.0
Kochi,2014,1C,,,,,0.0
Kochi,2014,1C1,,,,,0.0
Kochi,2014,1C1A,,,,,0.0
Kochi,2014,1C1B,,,,,0.0
Kochi,2014,1C1C,,,,,0.0
Kochi,2014,1C2,,,,,0.0
Kochi,2014,1C2A,,,,,0.0
Kochi,2014,1C2B,,,,,0.0
Kochi,2014,1C3,,,,,0.0
Kochi,2014,2,,,,,0.0
Kochi,2014,20,,,,,0.0
Kochi,2014,200,,,,,0.0
Kochi,2014,2000,,,,,0.0
Kochi,2014,20000,,,,,0.0
Kochi,2014,200000,,,,,0.0
Kochi,2014,2A,,,,,0.0
Kochi,2014,2A1,,,,,0.0
Kochi,2014,2A2,,,,,0.0
Kochi,2014,2A3,,,,,0.0
Kochi,2014,2A4,,,,,0.0
Kochi,2014,2A4A,,,,,0.0
Kochi,2014,2A4B,,,,,0.0
Kochi,2014,2A4C,,,,,0.0
Kochi,2014,2A4D,,,,,0.0
Kochi,2014,2B,,,,,0.0
Kochi,2014,2B1,,,,,0.0
Kochi,2014,2B10,,,,,0.0
Kochi,2014,2B2,,,,,0.0
Kochi,2014,2B3,,,,,0.0
Kochi,2014,2B4,,,,,0.0
Kochi,2014,2B5,,,,,0.0
Kochi,2014,2B6,,,,,0.0
Kochi,2014,2B7,,,,,0.0
Kochi,2014,2B8,,,,,0.0
Kochi,2014,2B8A,,,,,0.0
Kochi,2014,2B8B,,,,,0.0
Kochi,2014,2B8C,,,,,0.0
Kochi,2014,2B8D,,,,,0.0
Kochi,2014,2B8E,,,,,0.0
Kochi,2014,2B8F,,,,,0.0
Kochi,2014,2B9,,,,,0.0
Kochi,2014,2B9A,,,,,0.0
Kochi,2014,2B9B,,,,,0.0
Kochi,2014,2C,,,,,0.0
Kochi,2014,2C1,,,,,0.0
Kochi,2014,2C2,,,,,0.0
Kochi,2014,2C3,,,,,0.0
Kochi,2014,2C4,,,,,0.0
Kochi,2014,2C5,,,,,0.0
Kochi,2014,2C6,,,,,0.0
Kochi,2014,2C7,,,,,0.0
Kochi,2014,2D,,,,,0.0
Kochi,2014,2D1,,,,,0.0
Kochi,2014,2D2,,,,,0.0
Kochi,2014,2D3,,,,,0.0
Kochi,2014,2D4,,,,,0.0
Kochi,2014,2E,,,,,0.0
Kochi,2014,2F,,,,,0.0
Kochi,2014,2F1,,,,,0.0
Kochi,2014,2F2,,,,,0.0
Kochi,2014,2F3,,,,,0.0
Kochi,2014,2F4,,,,,0.0
Kochi,2014,2F5,,,,,0.0
Kochi,2014,2F6,,,,,0.0
Kochi,2014,2G,,,,,0.0
Kochi,2014,2G1,,,,,0.0
Kochi,2014,2G2,,,,,0.0
Kochi,2014,2G3,,,,,0.0
Kochi,2014,2G4,,,,,0.0
Kochi,2014,2H,,,,,0.0
Kochi,2014,2H1,,,,,0.0
Kochi,2014,2H2,,,,,0.0
Kochi,2014,2H3,,,,,0.0
Kochi,2014,3,,,,,0.0
Kochi,2014,3A,,,,,0.0
Kochi,2014,3A1,,,,,0.0
Kochi,2014,3A2,,,,,0.0
Kochi,2014,3B,,,,,0.0
Kochi,2014,3B1,,,,,0.0
Kochi,2014,3B1A,,,,,0.0
Kochi,2014,3B1B,,,,,0.0
Kochi,2014,3B2,,,,,0.0
Kochi,2014,3B2A,,,,,0.0
Kochi,2014,3B2B,,,,,0.0
Kochi,2014,3B3,,,,,0.0
Kochi,2014,3B3A,,,,,0.0
Kochi,2014,3B3B,,,,,0.0
Kochi,2014,3B4,,,,,0.0
Kochi,2014,3B4A,,,,,0.0
Kochi,2014,3B4B,,,,,0.0
Kochi,2014,3B5,,,,,0.0
Kochi,2014,3B5A,,,,,0.0
Kochi,2014,3B5B,,,,,0.0
Kochi,2014,3B6,,,,,0.0
Kochi,2014,3B6A,,,,,0.0
Kochi,2014,3B6B,,,,,0.0
Kochi,2014,3B6B1,,,,,0.0
Kochi,2014,3B6B2,,,,,0.0
Kochi,2014,3B6B3,,,,,0.0
Kochi,2014,3B6B4,,,,,0.0
Kochi,2014,3B6B5,,,,,0.0
Kochi,2014,3C,,,,,0.0
Kochi,2014,3C1,,,,,0.0
Kochi,2014,3C2,,,,,0.0
Kochi,2014,3C3,,,,,0.0
Kochi,2014,3C4,,,,,0.0
Kochi,2014,3C5,,,,,0.0
Kochi,2014,3C6,,,,,0.0
Kochi,2014,3C7,,,,,0.0
Kochi,2014,3C8,,,,,0.0
Kochi,2014,3D,,,,,0.0
Kochi,2014,3D1,,,,,0.0
Kochi,2014,3D2,,,,,0.0
Kochi,2014,4,,,,,0.0
Kochi,2014,4A,,,,,0.0
Kochi,2014,4A1,,,,,0.0
Kochi,2014,4A2,,,,,0.0
Kochi,2014,4A3,,,,,0.0
Kochi,2014,4B,,,,,0.0
Kochi,2014,4C,,,,,0.0
Kochi,2014,4C1,,,,,0.0
Kochi,2014,4C2,,,,,0.0
Kochi,2014,4D,,,,,0.0
Kochi,2014,4D1,,,,,0.0
Kochi,2014,4D2,,,,,0.0
Kochi,2014,4E,,,,,0.0
Kochi,2014,5,,,,,0.0
Kochi,2014,5A,,,,,0.0
Kochi,2014,5A1,,,,,0.0
Kochi,2014,5A2,,,,,0.0
Kochi,2015,0,,,,,0.0
Kochi,2015,1,,,,,0.0
Kochi,2015,1A,ABFLOW001,Coal,,,0.0
Kochi,2015,1A,ABFLOW001,Natural gas,,,0.0
Kochi,2015,1A,ABFLOW001,Oil,,,0.0
Kochi,2015,1A1,,Coal,,,0.0
Kochi,2015,1A1,,Natural gas,,,0.0
Kochi,2015,1A1,,Oil,,,0.0
Kochi,2015,1A1A,ABFLOW002,Coal,,,0.0
Kochi,2015,1A1A,ABFLOW002,Natural gas,,,0.0
Kochi,2015,1A1A,ABFLOW002,Oil,,,0.0
Kochi,2015,1A1A1,ABFLOW003,Coal,,,0.0
Kochi,2015,1A1A1,ABFLOW003,Natural gas,,,0.0
Kochi,2015,1A1A1,ABFLOW003,Oil,,,0.0
Kochi,2015,1A1A2,ABFLOW004,Coal,,,0.0
Kochi,2015,1A1A2,ABFLOW004,Natural gas,,,0.0
Kochi,2015,1A1A2,ABFLOW004,Oil,,,0.0
Kochi,2015,1A1A3,ABFLOW005,Coal,,,0.0
Kochi,2015,1A1A3,ABFLOW005,Natural gas,,,0.0
Kochi,2015,1A1A3,ABFLOW005,Oil,,,0.0
Kochi,2015,1A1B,ABFLOW011,Coal,,,0.0
Kochi,2015,1A1B,ABFLOW011,Natural gas,,,0.0
Kochi,2015,1A1B,ABFLOW011,Oil,,,0.0
Kochi,2015,1A1C,ABFLOW011,Coal,,,0.0
Kochi,2015,1A1C,ABFLOW011,Natural gas,,,0.0
Kochi,2015,1A1C,ABFLOW011,Oil,,,0.0
Kochi,2015,1A2,ABFLOW012,Coal,,,0.0
Kochi,2015,1A2,ABFLOW012,Natural gas,,,0.0
Kochi,2015,1A2,ABFLOW012,Oil,,,0.0
Kochi,2015,1A2A,ABFLOW016,Coal,,,0.0
Kochi,2015,1A2A,ABFLOW016,Natural gas,,,0.0
Kochi,2015,1A2A,ABFLOW016,Oil,,,0.0
Kochi,2015,1A2B,ABFLOW018,Coal,,,0.0
Kochi,2015,1A2B,ABFLOW018,Natural gas,,,0.0
Kochi,2015,1A2B,ABFLOW018,Oil,,,0.0
Kochi,2015,1A2C,ABFLOW017,Coal,,,0.0
Kochi,2015,1A2C,ABFLOW017,Natural gas,,,0.0
Kochi,2015,1A2C,ABFLOW017,Oil,,,0.0
Kochi,2015,1A2D,ABFLOW023,Coal,,,0.0
Kochi,2015,1A2D,ABFLOW023,Natural gas,,,0.0
Kochi,2015,1A2D,ABFLOW023,Oil,,,0.0
Kochi,2015,1A2E,ABFLOW022,Coal,,,0.0
Kochi,2015,1A2E,ABFLOW022,Natural gas,,,0.0
Kochi,2015,1A2E,ABFLOW022,Oil,,,0.0
Kochi,2015,1A2F,ABFLOW019,Coal,,,0.0
Kochi,2015,1A2F,ABFLOW019,Natural gas,,,0.0
Kochi,2015,1A2F,ABFLOW019,Oil,,,0.0
Kochi,2015,1A2G,ABFLOW020,Coal,,,0.0
Kochi,2015,1A2G,ABFLOW020,Natural gas,,,0.0
Kochi,2015,1A2G,ABFLOW020,Oil,,,0.0
Kochi,2015,1A2H,ABFLOW021,Coal,,,0.0
Kochi,2015,1A2H,ABFLOW021,Natural gas,,,0.0
Kochi,2015,1A2H,ABFLOW021,Oil,,,0.0
Kochi,2015,1A2I,ABFLOW013,Coal,,,0.0
Kochi,2015,1A2I,ABFLOW013,Natural gas,,,0.0
Kochi,2015,1A2I,ABFLOW013,Oil,,,0.0
Kochi,2015,1A2J,ABFLOW024,Coal,,,0.0
Kochi,2015,1A2J,ABFLOW024,Natural gas,,,0.0
Kochi,2015,1A2J,ABFLOW024,Oil,,,0.0
Kochi,2015,1A2K,ABFLOW014,Coal,,,0.0
Kochi,2015,1A2K,ABFLOW014,Natural gas,,,0.0
Kochi,2015,1A2K,ABFLOW014,Oil,,,0.0
Kochi,2015,1A2L,ABFLOW025,Coal,,,0.0
Kochi,2015,1A2L,ABFLOW025,Natural gas,,,0.0
Kochi,2015,1A2L,ABFLOW025,Oil,,,0.0
Kochi,2015,1A2M,ABFLOW026,Coal,,,0.0
Kochi,2015,1A2M,ABFLOW026,Natural gas,,,0.0
Kochi,2015,1A2M,ABFLOW026,Oil,,,0.0
Kochi,2015,1A3,ABFLOW027,Coal,,,0.0
Kochi,2015,1A3,ABFLOW027,Natural gas,,,0.0
Kochi,2015,1A3,ABFLOW027,Oil,,,0.0
Kochi,2015,1A3A,,Coal,,,0.0
Kochi,2015,1A3A,,Natural gas,,,0.0
Kochi,2015,1A3A,,Oil,,,0.0
Kochi,2015,1A3A1,ABFLOW040,Coal,,,0.0
Kochi,2015,1A3A1,ABFLOW040,Natural gas,,,0.0
Kochi,2015,1A3A1,ABFLOW040,Oil,,,0.0
Kochi,2015,1A3A2,ABFLOW029,Coal,,,0.0
Kochi,2015,1A3A2,ABFLOW029,Natural gas,,,0.0
Kochi,2015,1A3A2,ABFLOW029,Oil,,,0.0
Kochi,2015,1A3B,ABFLOW028,Coal,,,0.0
Kochi,2015,1A3B,ABFLOW028,Natural gas,,,0.0
Kochi,2015,1A3B,ABFLOW028,Oil,,,0.0
Kochi,2015,1A3C,ABFLOW030,Coal,,,0.0
Kochi,2015,1A3C,ABFLOW030,Natural gas,,,0.0
Kochi,2015,1A3C,ABFLOW030,Oil,,,0.0
Kochi,2015,1A3D,,Coal,,,0.0
Kochi,2015,1A3D,,Natural gas,,,0.0
Kochi,2015,1A3D,,Oil,,,0.0
Kochi,2015,1A3D1,ABFLOW039,Coal,,,0.0
Kochi,2015,1A3D1,ABFLOW039,Natural gas,,,0.0
Kochi,2015,1A3D1,ABFLOW039,Oil,,,0.0
Kochi,2015,1A3D2,ABFLOW032,Coal,,,0.0
Kochi,2015,1A3D2,ABFLOW032,Natural gas,,,0.0
Kochi,2015,1A3D2,ABFLOW032,Oil,,,0.0
Kochi,2015,1A3E,,Coal,,,0.0
Kochi,2015,1A3E,,Natural gas,,,0.0
Kochi,2015,1A3E,,Oil,,,0.0
Kochi,2015,1A3E1,ABFLOW033,Coal,,,0.0
Kochi,2015,1A3E1,ABFLOW033,Natural gas,,,0.0
Kochi,2015,1A3E1,ABFLOW033,Oil,,,0.0
Kochi,2015,1A4,,Coal,,,0.0
Kochi,2015,1A4,,Natural gas,,,0.0
Kochi,2015,1A4,,Oil,,,0.0
Kochi,2015,1A4A,ABFLOW035,Coal,,,0.0
Kochi,2015,1A4A,ABFLOW035,Natural gas,,,0.0
Kochi,2015,1A4A,ABFLOW035,Oil,,,0.0
Kochi,2015,1A4B,ABFLOW034,Coal,,,0.0
Kochi,2015,1A4B,ABFLOW034,Natural gas,,,0.0
Kochi,2015,1A4B,ABFLOW034,Oil,,,0.0
Kochi,2015,1A4C,,Coal,,,0.0
Kochi,2015,1A4C,,Natural gas,,,0.0
Kochi,2015,1A4C,,Oil,,,0.0
Kochi,2015,1A4C1,ABFLOW036,Coal,,,0.0
Kochi,2015,1A4C1,ABFLOW036,Natural gas,,,0.0
Kochi,2015,1A4C1,ABFLOW036,Oil,,,0.0
Kochi,2015,1A4C2,ABFLOW037,Coal,,,0.0
Kochi,2015,1A4C2,ABFLOW037,Natural gas,,,0.0
Kochi,2015,1A4C2,ABFLOW037,Oil,,,0.0
Kochi,2015,1A4C3,,Coal,,,0.0
Kochi,2015,1A4C3,,Natural gas,,,0.0
Kochi,2015,1A4C3,,Oil,,,0.0
Kochi,2015,1A5,ABFLOW038,Coal,,,0.0
Kochi,2015,1A5,ABFLOW038,Natural gas,,,0.0
Kochi,2015,1A5,ABFLOW038,Oil,,,0.0
Kochi,2015,1A5A,,Coal,,,0.0
Kochi,2015,1A5A,,Natural gas,,,0.0
Kochi,2015,1A5A,,Oil,,,0.0
Kochi,2015,1A5B,,Coal,,,0.0
Kochi,2015,1A5B,,Natural gas,,,0.0
Kochi,2015,1A5B,,Oil,,,0.0
Kochi,2015,1A5C,,Coal,,,0.0
Kochi,2015,1A5C,,Natural gas,,,0.0
Kochi,2015,1A5C,,Oil,,,0.0
Kochi,2015,1B,,,,,0.0
Kochi,2015,1B1,,,,,0.0
Kochi,2015,1B1A,,,,,0.0
Kochi,2015,1B1A1,,,,,0.0
Kochi,2015,1B1A11,,,,,0.0
Kochi,2015,1B1A12,,,,,0.0
Kochi,2015,1B1A13,,,,,0.0
Kochi,2015,1B1A14,,,,,0.0
Kochi,2015,1B1A2,,,,,0.0
Kochi,2015,1B1A21,,,,,0.0
Kochi,2015,1B1A22,,,,,0.0
Kochi,2015,1B1B,,,,,0.0
Kochi,2015,1B2,,,,,0.0
Kochi,2015,1B2A,,,,,0.0
Kochi,2015,1B2A1,,,,,0.0
Kochi,2015,1B2A2,,,,,0.0
Kochi,2015,1B2A3,,,,,0.0
Kochi,2015,1B2A31,,,,,0.0
Kochi,2015,1B2A32,,,,,0.0
Kochi,2015,1B2A33,,,,,0.0
Kochi,2015,1B2A34,,,,,0.0
Kochi,2015,1B2A35,,,,,0.0
Kochi,2015,1B2A36,,,,,0.0
Kochi,2015,1B2B,,,,,0.0
Kochi,2015,1B2B1,,,,,0.0
Kochi,2015,1B2B2,,,,,0.0
Kochi,2015,1B2B3,,,,,0.0
Kochi,2015,1B2B31,,,,,0.0
Kochi,2015,1B2B32,,,,,0.0
Kochi,2015,1B2B33,,,,,0.0
Kochi,2015,1B2B34,,,,,0.0
Kochi,2015,1B2B35,,,,,0.0
Kochi,2015,1B2B36,,,,,0.0
Kochi,2015,1B3,,,,,0.0
Kochi,2015,1C,,,,,0.0
Kochi,2015,1C1,,,,,0.0
Kochi,2015,1C1A,,,,,0.0
Kochi,2015,1C1B,,,,,0.0
Kochi,2015,1C1C,,,,,0.0
Kochi,2015,1C2,,,,,0.0
Kochi,2015,1C2A,,,,,0.0
Kochi,2015,1C2B,,,,,0.0
Kochi,2015,1C3,,,,,0.0
Kochi,2015,2,,,,,0.0
Kochi,2015,20,,,,,0.0
Kochi,2015,200,,,,,0.0
Kochi,2015,2000,,,,,0.0
Kochi,2015,20000,,,,,0.0
Kochi,2015,200000,,,,,0.0
Kochi,2015,2A,,,,,0.0
Kochi,2015,2A1,,,,,0.0
Kochi,2015,2A2,,,,,0.0
Kochi,2015,2A3,,,,,0.0
Kochi,2015,2A4,,,,,0.0
Kochi,2015,2A4A,,,,,0.0
Kochi,2015,2A4B,,,,,0.0
Kochi,2015,2A4C,,,,,0.0
Kochi,2015,2A4D,,,,,0.0
Kochi,2015,2B,,,,,0.0
Kochi,2015,2B1,,,,,0.0
Kochi,2015,2B10,,,,,0.0
Kochi,2015,2B2,,,,,0.0
Kochi,2015,2B3,,,,,0.0
Kochi,2015,2B4,,,,,0.0
Kochi,2015,2B5,,,,,0.0
Kochi,2015,2B6,,,,,0.0
Kochi,2015,2B7,,,,,0.0
Kochi,2015,2B8,,,,,0.0
Kochi,2015,2B8A,,,,,0.0
Kochi,2015,2B8B,,,,,0.0
Kochi,2015,2B8C,,,,,0.0
Kochi,2015,2B8D,,,,,0.0
Kochi,2015,2B8E,,,,,0.0
Kochi,2015,2B8F,,,,,0.0
Kochi,2015,2B9,,,,,0.0
Kochi,2015,2B9A,,,,,0.0
Kochi,2015,2B9B,,,,,0.0
Kochi,2015,2C,,,,,0.0
Kochi,2015,2C1,,,,,0.0
Kochi,2015,2C2,,,,,0.0
Kochi,2015,2C3,,,,,0.0
Kochi,2015,2C4,,,,,0.0
Kochi,2015,2C5,,,,,0.0
Kochi,2015,2C6,,,,,0.0
Kochi,2015,2C7,,,,,0.0
Kochi,2015,2D,,,,,0.0
Kochi,2015,2D1,,,,,0.0
Kochi,2015,2D2,,,,,0.0
Kochi,2015,2D3,,,,,0.0
Kochi,2015,2D4,,,,,0.0
Kochi,2015,2E,,,,,0.0
Kochi,2015,2F,,,,,0.0
Kochi,2015,2F1,,,,,0.0
Kochi,2015,2F2,,,,,0.0
Kochi,2015,2F3,,,,,0.0
Kochi,2015,2F4,,,,,0.0
Kochi,2015,2F5,,,,,0.0
Kochi,2015,2F6,,,,,0.0
Kochi,2015,2G,,,,,0.0
Kochi,2015,2G1,,,,,0.0
Kochi,2015,2G2,,,,,0.0
Kochi,2015,2G3,,,,,0.0
Kochi,2015,2G4,,,,,0.0
Kochi,2015,2H,,,,,0.0
Kochi,2015,2H1,,,,,0.0
Kochi,2015,2H2,,,,,0.0
Kochi,2015,2H3,,,,,0.0
Kochi,2015,3,,,,,0.0
Kochi,2015,3A,,,,,0.0
Kochi,2015,3A1,,,,,0.0
Kochi,2015,3A2,,,,,0.0
Kochi,2015,3B,,,,,0.0
Kochi,2015,3B1,,,,,0.0
Kochi,2015,3B1A,,,,,0.0
Kochi,2015,3B1B,,,,,0.0
Kochi,2015,3B2,,,,,0.0
Kochi,2015,3B2A,,,,,0.0
Kochi,2015,3B2B,,,,,0.0
Kochi,2015,3B3,,,,,0.0
Kochi,2015,3B3A,,,,,0.0
Kochi,2015,3B3B,,,,,0.0
Kochi,2015,3B4,,,,,0.0
Kochi,2015,3B4A,,,,,0.0
Kochi,2015,3B4B,,,,,0.0
Kochi,2015,3B5,,,,,0.0
Kochi,2015,3B5A,,,,,0.0
Kochi,2015,3B5B,,,,,0.0
Kochi,2015,3B6,,,,,0.0
Kochi,2015,3B6A,,,,,0.0
Kochi,2015,3B6B,,,,,0.0
Kochi,2015,3B6B1,,,,,0.0
Kochi,2015,3B6B2,,,,,0.0
Kochi,2015,3B6B3,,,,,0.0
Kochi,2015,3B6B4,,,,,0.0
Kochi,2015,3B6B5,,,,,0.0
Kochi,2015,3C,,,,,0.0
Kochi,2015,3C1,,,,,0.0
Kochi,2015,3C2,,,,,0.0
Kochi,2015,3C3,,,,,0.0
Kochi,2015,3C4,,,,,0.0
Kochi,2015,3C5,,,,,0.0
Kochi,2015,3C6,,,,,0.0
Kochi,2015,3C7,,,,,0.0
Kochi,2015,3C8,,,,,0.0
Kochi,2015,3D,,,,,0.0
Kochi,2015,3D1,,,,,0.0
Kochi,2015,3D2,,,,,0.0
Kochi,2015,4,,,,,0.0
Kochi,2015,4A,,,,,0.0
Kochi,2015,4A1,,,,,0.0
Kochi,2015,4A2,,,,,0.0
Kochi,2015,4A3,,,,,0.0
Kochi,2015,4B,,,,,0.0
Kochi,2015,4C,,,,,0.0
Kochi,2015,4C1,,,,,0.0
Kochi,2015,4C2,,,,,0.0
Kochi,2015,4D,,,,,0.0
Kochi,2015,4D1,,,,,0.0
Kochi,2015,4D2,,,,,0.0
Kochi,2015,4E,,,,,0.0
Kochi,2015,5,,,,,0.0
Kochi,2015,5A,,,,,0.0
Kochi,2015,5A1,,,,,0.0
Kochi,2015,5A2,,,,,0.0
Kochi,2016,0,,,,,0.0
Kochi,2016,1,,,,,0.0
Kochi,2016,1A,ABFLOW001,Coal,,,0.0
Kochi,2016,1A,ABFLOW001,Natural gas,,,0.0
Kochi,2016,1A,ABFLOW001,Oil,,,0.0
Kochi,2016,1A1,,Coal,,,0.0
Kochi,2016,1A1,,Natural gas,,,0.0
Kochi,2016,1A1,,Oil,,,0.0
Kochi,2016,1A1A,ABFLOW002,Coal,,,0.0
Kochi,2016,1A1A,ABFLOW002,Natural gas,,,0.0
Kochi,2016,1A1A,ABFLOW002,Oil,,,0.0
Kochi,2016,1A1A1,ABFLOW003,Coal,,,0.0
Kochi,2016,1A1A1,ABFLOW003,Natural gas,,,0.0
Kochi,2016,1A1A1,ABFLOW003,Oil,,,0.0
Kochi,2016,1A1A2,ABFLOW004,Coal,,,0.0
Kochi,2016,1A1A2,ABFLOW004,Natural gas,,,0.0
Kochi,2016,1A1A2,ABFLOW004,Oil,,,0.0
Kochi,2016,1A1A3,ABFLOW005,Coal,,,0.0
Kochi,2016,1A1A3,ABFLOW005,Natural gas,,,0.0
Kochi,2016,1A1A3,ABFLOW005,Oil,,,0.0
Kochi,2016,1A1B,ABFLOW011,Coal,,,0.0
Kochi,2016,1A1B,ABFLOW011,Natural gas,,,0.0
Kochi,2016,1A1B,ABFLOW011,Oil,,,0.0
Kochi,2016,1A1C,ABFLOW011,Coal,,,0.0
Kochi,2016,1A1C,ABFLOW011,Natural gas,,,0.0
Kochi,2016,1A1C,ABFLOW011,Oil,,,0.0
Kochi,2016,1A2,ABFLOW012,Coal,,,0.0
Kochi,2016,1A2,ABFLOW012,Natural gas,,,0.0
Kochi,2016,1A2,ABFLOW012,Oil,,,0.0
Kochi,2016,1A2A,ABFLOW016,Coal,,,0.0
Kochi,2016,1A2A,ABFLOW016,Natural gas,,,0.0
Kochi,2016,1A2A,ABFLOW016,Oil,,,0.0
Kochi,2016,1A2B,ABFLOW018,Coal,,,0.0
Kochi,2016,1A2B,ABFLOW018,Natural gas,,,0.0
Kochi,2016,1A2B,ABFLOW018,Oil,,,0.0
Kochi,2016,1A2C,ABFLOW017,Coal,,,0.0
Kochi,2016,1A2C,ABFLOW017,Natural gas,,,0.0
Kochi,2016,1A2C,ABFLOW017,Oil,,,0.0
Kochi,2016,1A2D,ABFLOW023,Coal,,,0.0
Kochi,2016,1A2D,ABFLOW023,Natural gas,,,0.0
Kochi,2016,1A2D,ABFLOW023,Oil,,,0.0
Kochi,2016,1A2E,ABFLOW022,Coal,,,0.0
Kochi,2016,1A2E,ABFLOW022,Natural gas,,,0.0
Kochi,2016,1A2E,ABFLOW022,Oil,,,0.0
Kochi,2016,1A2F,ABFLOW019,Coal,,,0.0
Kochi,2016,1A2F,ABFLOW019,Natural gas,,,0.0
Kochi,2016,1A2F,ABFLOW019,Oil,,,0.0
Kochi,2016,1A2G,ABFLOW020,Coal,,,0.0
Kochi,2016,1A2G,ABFLOW020,Natural gas,,,0.0
Kochi,2016,1A2G,ABFLOW020,Oil,,,0.0
Kochi,2016,1A2H,ABFLOW021,Coal,,,0.0
Kochi,2016,1A2H,ABFLOW021,Natural gas,,,0.0
Kochi,2016,1A2H,ABFLOW021,Oil,,,0.0
Kochi,2016,1A2I,ABFLOW013,Coal,,,0.0
Kochi,2016,1A2I,ABFLOW013,Natural gas,,,0.0
Kochi,2016,1A2I,ABFLOW013,Oil,,,0.0
Kochi,2016,1A2J,ABFLOW024,Coal,,,0.0
Kochi,2016,1A2J,ABFLOW024,Natural gas,,,0.0
Kochi,2016,1A2J,ABFLOW024,Oil,,,0.0
Kochi,2016,1A2K,ABFLOW014,Coal,,,0.0
Kochi,2016,1A2K,ABFLOW014,Natural gas,,,0.0
Kochi,2016,1A2K,ABFLOW014,Oil,,,0.0
Kochi,2016,1A2L,ABFLOW025,Coal,,,0.0
Kochi,2016,1A2L,ABFLOW025,Natural gas,,,0.0
Kochi,2016,1A2L,ABFLOW025,Oil,,,0.0
Kochi,2016,1A2M,ABFLOW026,Coal,,,0.0
Kochi,2016,1A2M,ABFLOW026,Natural gas,,,0.0
Kochi,2016,1A2M,ABFLOW026,Oil,,,0.0
Kochi,2016,1A3,ABFLOW027,Coal,,,0.0
Kochi,2016,1A3,ABFLOW027,Natural gas,,,0.0
Kochi,2016,1A3,ABFLOW027,Oil,,,0.0
Kochi,2016,1A3A,,Coal,,,0.0
Kochi,2016,1A3A,,Natural gas,,,0.0
Kochi,2016,1A3A,,Oil,,,0.0
Kochi,2016,1A3A1,ABFLOW040,Coal,,,0.0
Kochi,2016,1A3A1,ABFLOW040,Natural gas,,,0.0
Kochi,2016,1A3A1,ABFLOW040,Oil,,,0.0
Kochi,2016,1A3A2,ABFLOW029,Coal,,,0.0
Kochi,2016,1A3A2,ABFLOW029,Natural gas,,,0.0
Kochi,2016,1A3A2,ABFLOW029,Oil,,,0.0
Kochi,2016,1A3B,ABFLOW028,Coal,,,0.0
Kochi,2016,1A3B,ABFLOW028,Natural gas,,,0.0
Kochi,2016,1A3B,ABFLOW028,Oil,,,0.0
Kochi,2016,1A3C,ABFLOW030,Coal,,,0.0
Kochi,2016,1A3C,ABFLOW030,Natural gas,,,0.0
Kochi,2016,1A3C,ABFLOW030,Oil,,,0.0
Kochi,2016,1A3D,,Coal,,,0.0
Kochi,2016,1A3D,,Natural gas,,,0.0
Kochi,2016,1A3D,,Oil,,,0.0
Kochi,2016,1A3D1,ABFLOW039,Coal,,,0.0
Kochi,2016,1A3D1,ABFLOW039,Natural gas,,,0.0
Kochi,2016,1A3D1,ABFLOW039,Oil,,,0.0
Kochi,2016,1A3D2,ABFLOW032,Coal,,,0.0
Kochi,2016,1A3D2,ABFLOW032,Natural gas,,,0.0
Kochi,2016,1A3D2,ABFLOW032,Oil,,,0.0
Kochi,2016,1A3E,,Coal,,,0.0
Kochi,2016,1A3E,,Natural gas,,,0.0
Kochi,2016,1A3E,,Oil,,,0.0
Kochi,2016,1A3E1,ABFLOW033,Coal,,,0.0
Kochi,2016,1A3E1,ABFLOW033,Natural gas,,,0.0
Kochi,2016,1A3E1,ABFLOW033,Oil,,,0.0
Kochi,2016,1A4,,Coal,,,0.0
Kochi,2016,1A4,,Natural gas,,,0.0
Kochi,2016,1A4,,Oil,,,0.0
Kochi,2016,1A4A,ABFLOW035,Coal,,,0.0
Kochi,2016,1A4A,ABFLOW035,Natural gas,,,0.0
Kochi,2016,1A4A,ABFLOW035,Oil,,,0.0
Kochi,2016,1A4B,ABFLOW034,Coal,,,0.0
Kochi,2016,1A4B,ABFLOW034,Natural gas,,,0.0
Kochi,2016,1A4B,ABFLOW034,Oil,,,0.0
Kochi,2016,1A4C,,Coal,,,0.0
Kochi,2016,1A4C,,Natural gas,,,0.0
Kochi,2016,1A4C,,Oil,,,0.0
Kochi,2016,1A4C1,ABFLOW036,Coal,,,0.0
Kochi,2016,1A4C1,ABFLOW036,Natural gas,,,0.0
Kochi,2016,1A4C1,ABFLOW036,Oil,,,0.0
Kochi,2016,1A4C2,ABFLOW037,Coal,,,0.0
Kochi,2016,1A4C2,ABFLOW037,Natural gas,,,0.0
Kochi,2016,1A4C2,ABFLOW037,Oil,,,0.0
Kochi,2016,1A4C3,,Coal,,,0.0
Kochi,2016,1A4C3,,Natural gas,,,0.0
Kochi,2016,1A4C3,,Oil,,,0.0
Kochi,2016,1A5,ABFLOW038,Coal,,,0.0
Kochi,2016,1A5,ABFLOW038,Natural gas,,,0.0
Kochi,2016,1A5,ABFLOW038,Oil,,,0.0
Kochi,2016,1A5A,,Coal,,,0.0
Kochi,2016,1A5A,,Natural gas,,,0.0
Kochi,2016,1A5A,,Oil,,,0.0
Kochi,2016,1A5B,,Coal,,,0.0
Kochi,2016,1A5B,,Natural gas,,,0.0
Kochi,2016,1A5B,,Oil,,,0.0
Kochi,2016,1A5C,,Coal,,,0.0
Kochi,2016,1A5C,,Natural gas,,,0.0
Kochi,2016,1A5C,,Oil,,,0.0
Kochi,2016,1B,,,,,0.0
Kochi,2016,1B1,,,,,0.0
Kochi,2016,1B1A,,,,,0.0
Kochi,2016,1B1A1,,,,,0.0
Kochi,2016,1B1A11,,,,,0.0
Kochi,2016,1B1A12,,,,,0.0
Kochi,2016,1B1A13,,,,,0.0
Kochi,2016,1B1A14,,,,,0.0
Kochi,2016,1B1A2,,,,,0.0
Kochi,2016,1B1A21,,,,,0.0
Kochi,2016,1B1A22,,,,,0.0
Kochi,2016,1B1B,,,,,0.0
Kochi,2016,1B2,,,,,0.0
Kochi,2016,1B2A,,,,,0.0
Kochi,2016,1B2A1,,,,,0.0
Kochi,2016,1B2A2,,,,,0.0
Kochi,2016,1B2A3,,,,,0.0
Kochi,2016,1B2A31,,,,,0.0
Kochi,2016,1B2A32,,,,,0.0
Kochi,2016,1B2A33,,,,,0.0
Kochi,2016,1B2A34,,,,,0.0
Kochi,2016,1B2A35,,,,,0.0
Kochi,2016,1B2A36,,,,,0.0
Kochi,2016,1B2B,,,,,0.0
Kochi,2016,1B2B1,,,,,0.0
Kochi,2016,1B2B2,,,,,0.0
Kochi,2016,1B2B3,,,,,0.0
Kochi,2016,1B2B31,,,,,0.0
Kochi,2016,1B2B32,,,,,0.0
Kochi,2016,1B2B33,,,,,0.0
Kochi,2016,1B2B34,,,,,0.0
Kochi,2016,1B2B35,,,,,0.0
Kochi,2016,1B2B36,,,,,0.0
Kochi,2016,1B3,,,,,0.0
Kochi,2016,1C,,,,,0.0
Kochi,2016,1C1,,,,,0.0
Kochi,2016,1C1A,,,,,0.0
Kochi,2016,1C1B,,,,,0.0
Kochi,2016,1C1C,,,,,0.0
Kochi,2016,1C2,,,,,0.0
Kochi,2016,1C2A,,,,,0.0
Kochi,2016,1C2B,,,,,0.0
Kochi,2016,1C3,,,,,0.0
Kochi,2016,2,,,,,0.0
Kochi,2016,20,,,,,0.0
Kochi,2016,200,,,,,0.0
Kochi,2016,2000,,,,,0.0
Kochi,2016,20000,,,,,0.0
Kochi,2016,200000,,,,,0.0
Kochi,2016,2A,,,,,0.0
Kochi,2016,2A1,,,,,0.0
Kochi,2016,2A2,,,,,0.0
Kochi,2016,2A3,,,,,0.0
Kochi,2016,2A4,,,,,0.0
Kochi,2016,2A4A,,,,,0.0
Kochi,2016,2A4B,,,,,0.0
Kochi,2016,2A4C,,,,,0.0
Kochi,2016,2A4D,,,,,0.0
Kochi,2016,2B,,,,,0.0
Kochi,2016,2B1,,,,,0.0
Kochi,2016,2B10,,,,,0.0
Kochi,2016,2B2,,,,,0.0
Kochi,2016,2B3,,,,,0.0
Kochi,2016,2B4,,,,,0.0
Kochi,2016,2B5,,,,,0.0
Kochi,2016,2B6,,,,,0.0
Kochi,2016,2B7,,,,,0.0
Kochi,2016,2B8,,,,,0.0
Kochi,2016,2B8A,,,,,0.0
Kochi,2016,2B8B,,,,,0.0
Kochi,2016,2B8C,,,,,0.0
Kochi,2016,2B8D,,,,,0.0
Kochi,2016,2B8E,,,,,0.0
Kochi,2016,2B8F,,,,,0.0
Kochi,2016,2B9,,,,,0.0
Kochi,2016,2B9A,,,,,0.0
Kochi,2016,2B9B,,,,,0.0
Kochi,2016,2C,,,,,0.0
Kochi,2016,2C1,,,,,0.0
Kochi,2016,2C2,,,,,0.0
Kochi,2016,2C3,,,,,0.0
Kochi,2016,2C4,,,,,0.0
Kochi,2016,2C5,,,,,0.0
Kochi,2016,2C6,,,,,0.0
Kochi,2016,2C7,,,,,0.0
Kochi,2016,2D,,,,,0.0
Kochi,2016,2D1,,,,,0.0
Kochi,2016,2D2,,,,,0.0
Kochi,2016,2D3,,,,,0.0
Kochi,2016,2D4,,,,,0.0
Kochi,2016,2E,,,,,0.0
Kochi,2016,2F,,,,,0.0
Kochi,2016,2F1,,,,,0.0
Kochi,2016,2F2,,,,,0.0
Kochi,2016,2F3,,,,,0.0
Kochi,2016,2F4,,,,,0.0
Kochi,2016,2F5,,,,,0.0
Kochi,2016,2F6,,,,,0.0
Kochi,2016,2G,,,,,0.0
Kochi,2016,2G1,,,,,0.0
Kochi,2016,2G2,,,,,0.0
Kochi,2016,2G3,,,,,0.0
Kochi,2016,2G4,,,,,0.0
Kochi,2016,2H,,,,,0.0
Kochi,2016,2H1,,,,,0.0
Kochi,2016,2H2,,,,,0.0
Kochi,2016,2H3,,,,,0.0
Kochi,2016,3,,,,,0.0
Kochi,2016,3A,,,,,0.0
Kochi,2016,3A1,,,,,0.0
Kochi,2016,3A2,,,,,0.0
Kochi,2016,3B,,,,,0.0
Kochi,2016,3B1,,,,,0.0
Kochi,2016,3B1A,,,,,0.0
Kochi,2016,3B1B,,,,,0.0
Kochi,2016,3B2,,,,,0.0
Kochi,2016,3B2A,,,,,0.0
Kochi,2016,3B2B,,,,,0.0
Kochi,2016,3B3,,,,,0.0
Kochi,2016,3B3A,,,,,0.0
Kochi,2016,3B3B,,,,,0.0
Kochi,2016,3B4,,,,,0.0
Kochi,2016,3B4A,,,,,0.0
Kochi,2016,3B4B,,,,,0.0
Kochi,2016,3B5,,,,,0.0
Kochi,2016,3B5A,,,,,0.0
Kochi,2016,3B5B,,,,,0.0
Kochi,2016,3B6,,,,,0.0
Kochi,2016,3B6A,,,,,0.0
Kochi,2016,3B6B,,,,,0.0
Kochi,2016,3B6B1,,,,,0.0
Kochi,2016,3B6B2,,,,,0.0
Kochi,2016,3B6B3,,,,,0.0
Kochi,2016,3B6B4,,,,,0.0
Kochi,2016,3B6B5,,,,,0.0
Kochi,2016,3C,,,,,0.0
Kochi,2016,3C1,,,,,0.0
Kochi,2016,3C2,,,,,0.0
Kochi,2016,3C3,,,,,0.0
Kochi,2016,3C4,,,,,0.0
Kochi,2016,3C5,,,,,0.0
Kochi,2016,3C6,,,,,0.0
Kochi,2016,3C7,,,,,0.0
Kochi,2016,3C8,,,,,0.0
Kochi,2016,3D,,,,,0.0
Kochi,2016,3D1,,,,,0.0
Kochi,2016,3D2,,,,,0.0
Kochi,2016,4,,,,,0.0
Kochi,2016,4A,,,,,0.0
Kochi,2016,4A1,,,,,0.0
Kochi,2016,4A2,,,,,0.0
Kochi,2016,4A3,,,,,0.0
Kochi,2016,4B,,,,,0.0
Kochi,2016,4C,,,,,0.0
Kochi,2016,4C1,,,,,0.0
Kochi,2016,4C2,,,,,0.0
Kochi,2016,4D,,,,,0.0
Kochi,2016,4D1,,,,,0.0
Kochi,2016,4D2,,,,,0.0
Kochi,2016,4E,,,,,0.0
Kochi,2016,5,,,,,0.0
Kochi,2016,5A,,,,,0.0
Kochi,2016,5A1,,,,,0.0
Kochi,2016,5A2,,,,,0.0
Kochi,2017,0,,,,,0.0
Kochi,2017,1,,,,,0.0
Kochi,2017,1A,ABFLOW001,Coal,,,0.0
Kochi,2017,1A,ABFLOW001,Natural gas,,,0.0
Kochi,2017,1A,ABFLOW001,Oil,,,0.0
Kochi,2017,1A1,,Coal,,,0.0
Kochi,2017,1A1,,Natural gas,,,0.0
Kochi,2017,1A1,,Oil,,,0.0
Kochi,2017,1A1A,ABFLOW002,Coal,,,0.0
Kochi,2017,1A1A,ABFLOW002,Natural gas,,,0.0
Kochi,2017,1A1A,ABFLOW002,Oil,,,0.0
Kochi,2017,1A1A1,ABFLOW003,Coal,,,0.0
Kochi,2017,1A1A1,ABFLOW003,Natural gas,,,0.0
Kochi,2017,1A1A1,ABFLOW003,Oil,,,0.0
Kochi,2017,1A1A2,ABFLOW004,Coal,,,0.0
Kochi,2017,1A1A2,ABFLOW004,Natural gas,,,0.0
Kochi,2017,1A1A2,ABFLOW004,Oil,,,0.0
Kochi,2017,1A1A3,ABFLOW005,Coal,,,0.0
Kochi,2017,1A1A3,ABFLOW005,Natural gas,,,0.0
Kochi,2017,1A1A3,ABFLOW005,Oil,,,0.0
Kochi,2017,1A1B,ABFLOW011,Coal,,,0.0
Kochi,2017,1A1B,ABFLOW011,Natural gas,,,0.0
Kochi,2017,1A1B,ABFLOW011,Oil,,,0.0
Kochi,2017,1A1C,ABFLOW011,Coal,,,0.0
Kochi,2017,1A1C,ABFLOW011,Natural gas,,,0.0
Kochi,2017,1A1C,ABFLOW011,Oil,,,0.0
Kochi,2017,1A2,ABFLOW012,Coal,,,0.0
Kochi,2017,1A2,ABFLOW012,Natural gas,,,0.0
Kochi,2017,1A2,ABFLOW012,Oil,,,0.0
Kochi,2017,1A2A,ABFLOW016,Coal,,,0.0
Kochi,2017,1A2A,ABFLOW016,Natural gas,,,0.0
Kochi,2017,1A2A,ABFLOW016,Oil,,,0.0
Kochi,2017,1A2B,ABFLOW018,Coal,,,0.0
Kochi,2017,1A2B,ABFLOW018,Natural gas,,,0.0
Kochi,2017,1A2B,ABFLOW018,Oil,,,0.0
Kochi,2017,1A2C,ABFLOW017,Coal,,,0.0
Kochi,2017,1A2C,ABFLOW017,Natural gas,,,0.0
Kochi,2017,1A2C,ABFLOW017,Oil,,,0.0
Kochi,2017,1A2D,ABFLOW023,Coal,,,0.0
Kochi,2017,1A2D,ABFLOW023,Natural gas,,,0.0
Kochi,2017,1A2D,ABFLOW023,Oil,,,0.0
Kochi,2017,1A2E,ABFLOW022,Coal,,,0.0
Kochi,2017,1A2E,ABFLOW022,Natural gas,,,0.0
Kochi,2017,1A2E,ABFLOW022,Oil,,,0.0
Kochi,2017,1A2F,ABFLOW019,Coal,,,0.0
Kochi,2017,1A2F,ABFLOW019,Natural gas,,,0.0
Kochi,2017,1A2F,ABFLOW019,Oil,,,0.0
Kochi,2017,1A2G,ABFLOW020,Coal,,,0.0
Kochi,2017,1A2G,ABFLOW020,Natural gas,,,0.0
Kochi,2017,1A2G,ABFLOW020,Oil,,,0.0
Kochi,2017,1A2H,ABFLOW021,Coal,,,0.0
Kochi,2017,1A2H,ABFLOW021,Natural gas,,,0.0
Kochi,2017,1A2H,ABFLOW021,Oil,,,0.0
Kochi,2017,1A2I,ABFLOW013,Coal,,,0.0
Kochi,2017,1A2I,ABFLOW013,Natural gas,,,0.0
Kochi,2017,1A2I,ABFLOW013,Oil,,,0.0
Kochi,2017,1A2J,ABFLOW024,Coal,,,0.0
Kochi,2017,1A2J,ABFLOW024,Natural gas,,,0.0
Kochi,2017,1A2J,ABFLOW024,Oil,,,0.0
Kochi,2017,1A2K,ABFLOW014,Coal,,,0.0
Kochi,2017,1A2K,ABFLOW014,Natural gas,,,0.0
Kochi,2017,1A2K,ABFLOW014,Oil,,,0.0
Kochi,2017,1A2L,ABFLOW025,Coal,,,0.0
Kochi,2017,1A2L,ABFLOW025,Natural gas,,,0.0
Kochi,2017,1A2L,ABFLOW025,Oil,,,0.0
Kochi,2017,1A2M,ABFLOW026,Coal,,,0.0
Kochi,2017,1A2M,ABFLOW026,Natural gas,,,0.0
Kochi,2017,1A2M,ABFLOW026,Oil,,,0.0
Kochi,2017,1A3,ABFLOW027,Coal,,,0.0
Kochi,2017,1A3,ABFLOW027,Natural gas,,,0.0
Kochi,2017,1A3,ABFLOW027,Oil,,,0.0
Kochi,2017,1A3A,,Coal,,,0.0
Kochi,2017,1A3A,,Natural gas,,,0.0
Kochi,2017,1A3A,,Oil,,,0.0
Kochi,2017,1A3A1,ABFLOW040,Coal,,,0.0
Kochi,2017,1A3A1,ABFLOW040,Natural gas,,,0.0
Kochi,2017,1A3A1,ABFLOW040,Oil,,,0.0
Kochi,2017,1A3A2,ABFLOW029,Coal,,,0.0
Kochi,2017,1A3A2,ABFLOW029,Natural gas,,,0.0
Kochi,2017,1A3A2,ABFLOW029,Oil,,,0.0
Kochi,2017,1A3B,ABFLOW028,Coal,,,0.0
Kochi,2017,1A3B,ABFLOW028,Natural gas,,,0.0
Kochi,2017,1A3B,ABFLOW028,Oil,,,0.0
Kochi,2017,1A3C,ABFLOW030,Coal,,,0.0
Kochi,2017,1A3C,ABFLOW030,Natural gas,,,0.0
Kochi,2017,1A3C,ABFLOW030,Oil,,,0.0
Kochi,2017,1A3D,,Coal,,,0.0
Kochi,2017,1A3D,,Natural gas,,,0.0
Kochi,2017,1A3D,,Oil,,,0.0
Kochi,2017,1A3D1,ABFLOW039,Coal,,,0.0
Kochi,2017,1A3D1,ABFLOW039,Natural gas,,,0.0
Kochi,2017,1A3D1,ABFLOW039,Oil,,,0.0
Kochi,2017,1A3D2,ABFLOW032,Coal,,,0.0
Kochi,2017,1A3D2,ABFLOW032,Natural gas,,,0.0
Kochi,2017,1A3D2,ABFLOW032,Oil,,,0.0
Kochi,2017,1A3E,,Coal,,,0.0
Kochi,2017,1A3E,,Natural gas,,,0.0
Kochi,2017,1A3E,,Oil,,,0.0
Kochi,2017,1A3E1,ABFLOW033,Coal,,,0.0
Kochi,2017,1A3E1,ABFLOW033,Natural gas,,,0.0
Kochi,2017,1A3E1,ABFLOW033,Oil,,,0.0
Kochi,2017,1A4,,Coal,,,0.0
Kochi,2017,1A4,,Natural gas,,,0.0
Kochi,2017,1A4,,Oil,,,0.0
Kochi,2017,1A4A,ABFLOW035,Coal,,,0.0
Kochi,2017,1A4A,ABFLOW035,Natural gas,,,0.0
Kochi,2017,1A4A,ABFLOW035,Oil,,,0.0
Kochi,2017,1A4B,ABFLOW034,Coal,,,0.0
Kochi,2017,1A4B,ABFLOW034,Natural gas,,,0.0
Kochi,2017,1A4B,ABFLOW034,Oil,,,0.0
Kochi,2017,1A4C,,Coal,,,0.0
Kochi,2017,1A4C,,Natural gas,,,0.0
Kochi,2017,1A4C,,Oil,,,0.0
Kochi,2017,1A4C1,ABFLOW036,Coal,,,0.0
Kochi,2017,1A4C1,ABFLOW036,Natural gas,,,0.0
Kochi,2017,1A4C1,ABFLOW036,Oil,,,0.0
Kochi,2017,1A4C2,ABFLOW037,Coal,,,0.0
Kochi,2017,1A4C2,ABFLOW037,Natural gas,,,0.0
Kochi,2017,1A4C2,ABFLOW037,Oil,,,0.0
Kochi,2017,1A4C3,,Coal,,,0.0
Kochi,2017,1A4C3,,Natural gas,,,0.0
Kochi,2017,1A4C3,,Oil,,,0.0
Kochi,2017,1A5,ABFLOW038,Coal,,,0.0
Kochi,2017,1A5,ABFLOW038,Natural gas,,,0.0
Kochi,2017,1A5,ABFLOW038,Oil,,,0.0
Kochi,2017,1A5A,,Coal,,,0.0
Kochi,2017,1A5A,,Natural gas,,,0.0
Kochi,2017,1A5A,,Oil,,,0.0
Kochi,2017,1A5B,,Coal,,,0.0
Kochi,2017,1A5B,,Natural gas,,,0.0
Kochi,2017,1A5B,,Oil,,,0.0
Kochi,2017,1A5C,,Coal,,,0.0
Kochi,2017,1A5C,,Natural gas,,,0.0
Kochi,2017,1A5C,,Oil,,,0.0
Kochi,2017,1B,,,,,0.0
Kochi,2017,1B1,,,,,0.0
Kochi,2017,1B1A,,,,,0.0
Kochi,2017,1B1A1,,,,,0.0
Kochi,2017,1B1A11,,,,,0.0
Kochi,2017,1B1A12,,,,,0.0
Kochi,2017,1B1A13,,,,,0.0
Kochi,2017,1B1A14,,,,,0.0
Kochi,2017,1B1A2,,,,,0.0
Kochi,2017,1B1A21,,,,,0.0
Kochi,2017,1B1A22,,,,,0.0
Kochi,2017,1B1B,,,,,0.0
Kochi,2017,1B2,,,,,0.0
Kochi,2017,1B2A,,,,,0.0
Kochi,2017,1B2A1,,,,,0.0
Kochi,2017,1B2A2,,,,,0.0
Kochi,2017,1B2A3,,,,,0.0
Kochi,2017,1B2A31,,,,,0.0
Kochi,2017,1B2A32,,,,,0.0
Kochi,2017,1B2A33,,,,,0.0
Kochi,2017,1B2A34,,,,,0.0
Kochi,2017,1B2A35,,,,,0.0
Kochi,2017,1B2A36,,,,,0.0
Kochi,2017,1B2B,,,,,0.0
Kochi,2017,1B2B1,,,,,0.0
Kochi,2017,1B2B2,,,,,0.0
Kochi,2017,1B2B3,,,,,0.0
Kochi,2017,1B2B31,,,,,0.0
Kochi,2017,1B2B32,,,,,0.0
Kochi,2017,1B2B33,,,,,0.0
Kochi,2017,1B2B34,,,,,0.0
Kochi,2017,1B2B35,,,,,0.0
Kochi,2017,1B2B36,,,,,0.0
Kochi,2017,1B3,,,,,0.0
Kochi,2017,1C,,,,,0.0
Kochi,2017,1C1,,,,,0.0
Kochi,2017,1C1A,,,,,0.0
Kochi,2017,1C1B,,,,,0.0
Kochi,2017,1C1C,,,,,0.0
Kochi,2017,1C2,,,,,0.0
Kochi,2017,1C2A,,,,,0.0
Kochi,2017,1C2B,,,,,0.0
Kochi,2017,1C3,,,,,0.0
Kochi,2017,2,,,,,0.0
Kochi,2017,20,,,,,0.0
Kochi,2017,200,,,,,0.0
Kochi,2017,2000,,,,,0.0
Kochi,2017,20000,,,,,0.0
Kochi,2017,200000,,,,,0.0
Kochi,2017,2A,,,,,0.0
Kochi,2017,2A1,,,,,0.0
Kochi,2017,2A2,,,,,0.0
Kochi,2017,2A3,,,,,0.0
Kochi,2017,2A4,,,,,0.0
Kochi,2017,2A4A,,,,,0.0
Kochi,2017,2A4B,,,,,0.0
Kochi,2017,2A4C,,,,,0.0
Kochi,2017,2A4D,,,,,0.0
Kochi,2017,2B,,,,,0.0
Kochi,2017,2B1,,,,,0.0
Kochi,2017,2B10,,,,,0.0
Kochi,2017,2B2,,,,,0.0
Kochi,2017,2B3,,,,,0.0
Kochi,2017,2B4,,,,,0.0
Kochi,2017,2B5,,,,,0.0
Kochi,2017,2B6,,,,,0.0
Kochi,2017,2B7,,,,,0.0
Kochi,2017,2B8,,,,,0.0
Kochi,2017,2B8A,,,,,0.0
Kochi,2017,2B8B,,,,,0.0
Kochi,2017,2B8C,,,,,0.0
Kochi,2017,2B8D,,,,,0.0
Kochi,2017,2B8E,,,,,0.0
Kochi,2017,2B8F,,,,,0.0
Kochi,2017,2B9,,,,,0.0
Kochi,2017,2B9A,,,,,0.0
Kochi,2017,2B9B,,,,,0.0
Kochi,2017,2C,,,,,0.0
Kochi,2017,2C1,,,,,0.0
Kochi,2017,2C2,,,,,0.0
Kochi,2017,2C3,,,,,0.0
Kochi,2017,2C4,,,,,0.0
Kochi,2017,2C5,,,,,0.0
Kochi,2017,2C6,,,,,0.0
Kochi,2017,2C7,,,,,0.0
Kochi,2017,2D,,,,,0.0
Kochi,2017,2D1,,,,,0.0
Kochi,2017,2D2,,,,,0.0
Kochi,2017,2D3,,,,,0.0
Kochi,2017,2D4,,,,,0.0
Kochi,2017,2E,,,,,0.0
Kochi,2017,2F,,,,,0.0
Kochi,2017,2F1,,,,,0.0
Kochi,2017,2F2,,,,,0.0
Kochi,2017,2F3,,,,,0.0
Kochi,2017,2F4,,,,,0.0
Kochi,2017,2F5,,,,,0.0
Kochi,2017,2F6,,,,,0.0
Kochi,2017,2G,,,,,0.0
Kochi,2017,2G1,,,,,0.0
Kochi,2017,2G2,,,,,0.0
Kochi,2017,2G3,,,,,0.0
Kochi,2017,2G4,,,,,0.0
Kochi,2017,2H,,,,,0.0
Kochi,2017,2H1,,,,,0.0
Kochi,2017,2H2,,,,,0.0
Kochi,2017,2H3,,,,,0.0
Kochi,2017,3,,,,,0.0
Kochi,2017,3A,,,,,0.0
Kochi,2017,3A1,,,,,0.0
Kochi,2017,3A2,,,,,0.0
Kochi,2017,3B,,,,,0.0
Kochi,2017,3B1,,,,,0.0
Kochi,2017,3B1A,,,,,0.0
Kochi,2017,3B1B,,,,,0.0
Kochi,2017,3B2,,,,,0.0
Kochi,2017,3B2A,,,,,0.0
Kochi,2017,3B2B,,,,,0.0
Kochi,2017,3B3,,,,,0.0
Kochi,2017,3B3A,,,,,0.0
Kochi,2017,3B3B,,,,,0.0
Kochi,2017,3B4,,,,,0.0
Kochi,2017,3B4A,,,,,0.0
Kochi,2017,3B4B,,,,,0.0
Kochi,2017,3B5,,,,,0.0
Kochi,2017,3B5A,,,,,0.0
Kochi,2017,3B5B,,,,,0.0
Kochi,2017,3B6,,,,,0.0
Kochi,2017,3B6A,,,,,0.0
Kochi,2017,3B6B,,,,,0.0
Kochi,2017,3B6B1,,,,,0.0
Kochi,2017,3B6B2,,,,,0.0
Kochi,2017,3B6B3,,,,,0.0
Kochi,2017,3B6B4,,,,,0.0
Kochi,2017,3B6B5,,,,,0.0
Kochi,2017,3C,,,,,0.0
Kochi,2017,3C1,,,,,0.0
Kochi,2017,3C2,,,,,0.0
Kochi,2017,3C3,,,,,0.0
Kochi,2017,3C4,,,,,0.0
Kochi,2017,3C5,,,,,0.0
Kochi,2017,3C6,,,,,0.0
Kochi,2017,3C7,,,,,0.0
Kochi,2017,3C8,,,,,0.0
Kochi,2017,3D,,,,,0.0
Kochi,2017,3D1,,,,,0.0
Kochi,2017,3D2,,,,,0.0
Kochi,2017,4,,,,,0.0
Kochi,2017,4A,,,,,0.0
Kochi,2017,4A1,,,,,0.0
Kochi,2017,4A2,,,,,0.0
Kochi,2017,4A3,,,,,0.0
Kochi,2017,4B,,,,,0.0
Kochi,2017,4C,,,,,0.0
Kochi,2017,4C1,,,,,0.0
Kochi,2017,4C2,,,,,0.0
Kochi,2017,4D,,,,,0.0
Kochi,2017,4D1,,,,,0.0
Kochi,2017,4D2,,,,,0.0
Kochi,2017,4E,,,,,0.0
Kochi,2017,5,,,,,0.0
Kochi,2017,5A,,,,,0.0
Kochi,2017,5A1,,,,,0.0
Kochi,2017,5A2,,,,,0.0
Kochi,2018,0,,,,,0.0
Kochi,2018,1,,,,,0.0
Kochi,2018,1A,ABFLOW001,Coal,,,0.0
Kochi,2018,1A,ABFLOW001,Natural gas,,,0.0
Kochi,2018,1A,ABFLOW001,Oil,,,0.0
Kochi,2018,1A1,,Coal,,,0.0
Kochi,2018,1A1,,Natural gas,,,0.0
Kochi,2018,1A1,,Oil,,,0.0
Kochi,2018,1A1A,ABFLOW002,Coal,,,0.0
Kochi,2018,1A1A,ABFLOW002,Natural gas,,,0.0
Kochi,2018,1A1A,ABFLOW002,Oil,,,0.0
Kochi,2018,1A1A1,ABFLOW003,Coal,,,0.0
Kochi,2018,1A1A1,ABFLOW003,Natural gas,,,0.0
Kochi,2018,1A1A1,ABFLOW003,Oil,,,0.0
Kochi,2018,1A1A2,ABFLOW004,Coal,,,0.0
Kochi,2018,1A1A2,ABFLOW004,Natural gas,,,0.0
Kochi,2018,1A1A2,ABFLOW004,Oil,,,0.0
Kochi,2018,1A1A3,ABFLOW005,Coal,,,0.0
Kochi,2018,1A1A3,ABFLOW005,Natural gas,,,0.0
Kochi,2018,1A1A3,ABFLOW005,Oil,,,0.0
Kochi,2018,1A1B,ABFLOW011,Coal,,,0.0
Kochi,2018,1A1B,ABFLOW011,Natural gas,,,0.0
Kochi,2018,1A1B,ABFLOW011,Oil,,,0.0
Kochi,2018,1A1C,ABFLOW011,Coal,,,0.0
Kochi,2018,1A1C,ABFLOW011,Natural gas,,,0.0
Kochi,2018,1A1C,ABFLOW011,Oil,,,0.0
Kochi,2018,1A2,ABFLOW012,Coal,,,0.0
Kochi,2018,1A2,ABFLOW012,Natural gas,,,0.0
Kochi,2018,1A2,ABFLOW012,Oil,,,0.0
Kochi,2018,1A2A,ABFLOW016,Coal,,,0.0
Kochi,2018,1A2A,ABFLOW016,Natural gas,,,0.0
Kochi,2018,1A2A,ABFLOW016,Oil,,,0.0
Kochi,2018,1A2B,ABFLOW018,Coal,,,0.0
Kochi,2018,1A2B,ABFLOW018,Natural gas,,,0.0
Kochi,2018,1A2B,ABFLOW018,Oil,,,0.0
Kochi,2018,1A2C,ABFLOW017,Coal,,,0.0
Kochi,2018,1A2C,ABFLOW017,Natural gas,,,0.0
Kochi,2018,1A2C,ABFLOW017,Oil,,,0.0
Kochi,2018,1A2D,ABFLOW023,Coal,,,0.0
Kochi,2018,1A2D,ABFLOW023,Natural gas,,,0.0
Kochi,2018,1A2D,ABFLOW023,Oil,,,0.0
Kochi,2018,1A2E,ABFLOW022,Coal,,,0.0
Kochi,2018,1A2E,ABFLOW022,Natural gas,,,0.0
Kochi,2018,1A2E,ABFLOW022,Oil,,,0.0
Kochi,2018,1A2F,ABFLOW019,Coal,,,0.0
Kochi,2018,1A2F,ABFLOW019,Natural gas,,,0.0
Kochi,2018,1A2F,ABFLOW019,Oil,,,0.0
Kochi,2018,1A2G,ABFLOW020,Coal,,,0.0
Kochi,2018,1A2G,ABFLOW020,Natural gas,,,0.0
Kochi,2018,1A2G,ABFLOW020,Oil,,,0.0
Kochi,2018,1A2H,ABFLOW021,Coal,,,0.0
Kochi,2018,1A2H,ABFLOW021,Natural gas,,,0.0
Kochi,2018,1A2H,ABFLOW021,Oil,,,0.0
Kochi,2018,1A2I,ABFLOW013,Coal,,,0.0
Kochi,2018,1A2I,ABFLOW013,Natural gas,,,0.0
Kochi,2018,1A2I,ABFLOW013,Oil,,,0.0
Kochi,2018,1A2J,ABFLOW024,Coal,,,0.0
Kochi,2018,1A2J,ABFLOW024,Natural gas,,,0.0
Kochi,2018,1A2J,ABFLOW024,Oil,,,0.0
Kochi,2018,1A2K,ABFLOW014,Coal,,,0.0
Kochi,2018,1A2K,ABFLOW014,Natural gas,,,0.0
Kochi,2018,1A2K,ABFLOW014,Oil,,,0.0
Kochi,2018,1A2L,ABFLOW025,Coal,,,0.0
Kochi,2018,1A2L,ABFLOW025,Natural gas,,,0.0
Kochi,2018,1A2L,ABFLOW025,Oil,,,0.0
Kochi,2018,1A2M,ABFLOW026,Coal,,,0.0
Kochi,2018,1A2M,ABFLOW026,Natural gas,,,0.0
Kochi,2018,1A2M,ABFLOW026,Oil,,,0.0
Kochi,2018,1A3,ABFLOW027,Coal,,,0.0
Kochi,2018,1A3,ABFLOW027,Natural gas,,,0.0
Kochi,2018,1A3,ABFLOW027,Oil,,,0.0
Kochi,2018,1A3A,,Coal,,,0.0
Kochi,2018,1A3A,,Natural gas,,,0.0
Kochi,2018,1A3A,,Oil,,,0.0
Kochi,2018,1A3A1,ABFLOW040,Coal,,,0.0
Kochi,2018,1A3A1,ABFLOW040,Natural gas,,,0.0
Kochi,2018,1A3A1,ABFLOW040,Oil,,,0.0
Kochi,2018,1A3A2,ABFLOW029,Coal,,,0.0
Kochi,2018,1A3A2,ABFLOW029,Natural gas,,,0.0
Kochi,2018,1A3A2,ABFLOW029,Oil,,,0.0
Kochi,2018,1A3B,ABFLOW028,Coal,,,0.0
Kochi,2018,1A3B,ABFLOW028,Natural gas,,,0.0
Kochi,2018,1A3B,ABFLOW028,Oil,,,0.0
Kochi,2018,1A3C,ABFLOW030,Coal,,,0.0
Kochi,2018,1A3C,ABFLOW030,Natural gas,,,0.0
Kochi,2018,1A3C,ABFLOW030,Oil,,,0.0
Kochi,2018,1A3D,,Coal,,,0.0
Kochi,2018,1A3D,,Natural gas,,,0.0
Kochi,2018,1A3D,,Oil,,,0.0
Kochi,2018,1A3D1,ABFLOW039,Coal,,,0.0
Kochi,2018,1A3D1,ABFLOW039,Natural gas,,,0.0
Kochi,2018,1A3D1,ABFLOW039,Oil,,,0.0
Kochi,2018,1A3D2,ABFLOW032,Coal,,,0.0
Kochi,2018,1A3D2,ABFLOW032,Natural gas,,,0.0
Kochi,2018,1A3D2,ABFLOW032,Oil,,,0.0
Kochi,2018,1A3E,,Coal,,,0.0
Kochi,2018,1A3E,,Natural gas,,,0.0
Kochi,2018,1A3E,,Oil,,,0.0
Kochi,2018,1A3E1,ABFLOW033,Coal,,,0.0
Kochi,2018,1A3E1,ABFLOW033,Natural gas,,,0.0
Kochi,2018,1A3E1,ABFLOW033,Oil,,,0.0
Kochi,2018,1A4,,Coal,,,0.0
Kochi,2018,1A4,,Natural gas,,,0.0
Kochi,2018,1A4,,Oil,,,0.0
Kochi,2018,1A4A,ABFLOW035,Coal,,,0.0
Kochi,2018,1A4A,ABFLOW035,Natural gas,,,0.0
Kochi,2018,1A4A,ABFLOW035,Oil,,,0.0
Kochi,2018,1A4B,ABFLOW034,Coal,,,0.0
Kochi,2018,1A4B,ABFLOW034,Natural gas,,,0.0
Kochi,2018,1A4B,ABFLOW034,Oil,,,0.0
Kochi,2018,1A4C,,Coal,,,0.0
Kochi,2018,1A4C,,Natural gas,,,0.0
Kochi,2018,1A4C,,Oil,,,0.0
Kochi,2018,1A4C1,ABFLOW036,Coal,,,0.0
Kochi,2018,1A4C1,ABFLOW036,Natural gas,,,0.0
Kochi,2018,1A4C1,ABFLOW036,Oil,,,0.0
Kochi,2018,1A4C2,ABFLOW037,Coal,,,0.0
Kochi,2018,1A4C2,ABFLOW037,Natural gas,,,0.0
Kochi,2018,1A4C2,ABFLOW037,Oil,,,0.0
Kochi,2018,1A4C3,,Coal,,,0.0
Kochi,2018,1A4C3,,Natural gas,,,0.0
Kochi,2018,1A4C3,,Oil,,,0.0
Kochi,2018,1A5,ABFLOW038,Coal,,,0.0
Kochi,2018,1A5,ABFLOW038,Natural gas,,,0.0
Kochi,2018,1A5,ABFLOW038,Oil,,,0.0
Kochi,2018,1A5A,,Coal,,,0.0
Kochi,2018,1A5A,,Natural gas,,,0.0
Kochi,2018,1A5A,,Oil,,,0.0
Kochi,2018,1A5B,,Coal,,,0.0
Kochi,2018,1A5B,,Natural gas,,,0.0
Kochi,2018,1A5B,,Oil,,,0.0
Kochi,2018,1A5C,,Coal,,,0.0
Kochi,2018,1A5C,,Natural gas,,,0.0
Kochi,2018,1A5C,,Oil,,,0.0
Kochi,2018,1B,,,,,0.0
Kochi,2018,1B1,,,,,0.0
Kochi,2018,1B1A,,,,,0.0
Kochi,2018,1B1A1,,,,,0.0
Kochi,2018,1B1A11,,,,,0.0
Kochi,2018,1B1A12,,,,,0.0
Kochi,2018,1B1A13,,,,,0.0
Kochi,2018,1B1A14,,,,,0.0
Kochi,2018,1B1A2,,,,,0.0
Kochi,2018,1B1A21,,,,,0.0
Kochi,2018,1B1A22,,,,,0.0
Kochi,2018,1B1B,,,,,0.0
Kochi,2018,1B2,,,,,0.0
Kochi,2018,1B2A,,,,,0.0
Kochi,2018,1B2A1,,,,,0.0
Kochi,2018,1B2A2,,,,,0.0
Kochi,2018,1B2A3,,,,,0.0
Kochi,2018,1B2A31,,,,,0.0
Kochi,2018,1B2A32,,,,,0.0
Kochi,2018,1B2A33,,,,,0.0
Kochi,2018,1B2A34,,,,,0.0
Kochi,2018,1B2A35,,,,,0.0
Kochi,2018,1B2A36,,,,,0.0
Kochi,2018,1B2B,,,,,0.0
Kochi,2018,1B2B1,,,,,0.0
Kochi,2018,1B2B2,,,,,0.0
Kochi,2018,1B2B3,,,,,0.0
Kochi,2018,1B2B31,,,,,0.0
Kochi,2018,1B2B32,,,,,0.0
Kochi,2018,1B2B33,,,,,0.0
Kochi,2018,1B2B34,,,,,0.0
Kochi,2018,1B2B35,,,,,0.0
Kochi,2018,1B2B36,,,,,0.0
Kochi,2018,1B3,,,,,0.0
Kochi,2018,1C,,,,,0.0
Kochi,2018,1C1,,,,,0.0
Kochi,2018,1C1A,,,,,0.0
Kochi,2018,1C1B,,,,,0.0
Kochi,2018,1C1C,,,,,0.0
Kochi,2018,1C2,,,,,0.0
Kochi,2018,1C2A,,,,,0.0
Kochi,2018,1C2B,,,,,0.0
Kochi,2018,1C3,,,,,0.0
Kochi,2018,2,,,,,0.0
Kochi,2018,20,,,,,0.0
Kochi,2018,200,,,,,0.0
Kochi,2018,2000,,,,,0.0
Kochi,2018,20000,,,,,0.0
Kochi,2018,200000,,,,,0.0
Kochi,2018,2A,,,,,0.0
Kochi,2018,2A1,,,,,0.0
Kochi,2018,2A2,,,,,0.0
Kochi,2018,2A3,,,,,0.0
Kochi,2018,2A4,,,,,0.0
Kochi,2018,2A4A,,,,,0.0
Kochi,2018,2A4B,,,,,0.0
Kochi,2018,2A4C,,,,,0.0
Kochi,2018,2A4D,,,,,0.0
Kochi,2018,2B,,,,,0.0
Kochi,2018,2B1,,,,,0.0
Kochi,2018,2B10,,,,,0.0
Kochi,2018,2B2,,,,,0.0
Kochi,2018,2B3,,,,,0.0
Kochi,2018,2B4,,,,,0.0
Kochi,2018,2B5,,,,,0.0
Kochi,2018,2B6,,,,,0.0
Kochi,2018,2B7,,,,,0.0
Kochi,2018,2B8,,,,,0.0
Kochi,2018,2B8A,,,,,0.0
Kochi,2018,2B8B,,,,,0.0
Kochi,2018,2B8C,,,,,0.0
Kochi,2018,2B8D,,,,,0.0
Kochi,2018,2B8E,,,,,0.0
Kochi,2018,2B8F,,,,,0.0
Kochi,2018,2B9,,,,,0.0
Kochi,2018,2B9A,,,,,0.0
Kochi,2018,2B9B,,,,,0.0
Kochi,2018,2C,,,,,0.0
Kochi,2018,2C1,,,,,0.0
Kochi,2018,2C2,,,,,0.0
Kochi,2018,2C3,,,,,0.0
Kochi,2018,2C4,,,,,0.0
Kochi,2018,2C5,,,,,0.0
Kochi,2018,2C6,,,,,0.0
Kochi,2018,2C7,,,,,0.0
Kochi,2018,2D,,,,,0.0
Kochi,2018,2D1,,,,,0.0
Kochi,2018,2D2,,,,,0.0
Kochi,2018,2D3,,,,,0.0
Kochi,2018,2D4,,,,,0.0
Kochi,2018,2E,,,,,0.0
Kochi,2018,2F,,,,,0.0
Kochi,2018,2F1,,,,,0.0
Kochi,2018,2F2,,,,,0.0
Kochi,2018,2F3,,,,,0.0
Kochi,2018,2F4,,,,,0.0
Kochi,2018,2F5,,,,,0.0
Kochi,2018,2F6,,,,,0.0
Kochi,2018,2G,,,,,0.0
Kochi,2018,2G1,,,,,0.0
Kochi,2018,2G2,,,,,0.0
Kochi,2018,2G3,,,,,0.0
Kochi,2018,2G4,,,,,0.0
Kochi,2018,2H,,,,,0.0
Kochi,2018,2H1,,,,,0.0
Kochi,2018,2H2,,,,,0.0
Kochi,2018,2H3,,,,,0.0
Kochi,2018,3,,,,,0.0
Kochi,2018,3A,,,,,0.0
Kochi,2018,3A1,,,,,0.0
Kochi,2018,3A2,,,,,0.0
Kochi,2018,3B,,,,,0.0
Kochi,2018,3B1,,,,,0.0
Kochi,2018,3B1A,,,,,0.0
Kochi,2018,3B1B,,,,,0.0
Kochi,2018,3B2,,,,,0.0
Kochi,2018,3B2A,,,,,0.0
Kochi,2018,3B2B,,,,,0.0
Kochi,2018,3B3,,,,,0.0
Kochi,2018,3B3A,,,,,0.0
Kochi,2018,3B3B,,,,,0.0
Kochi,2018,3B4,,,,,0.0
Kochi,2018,3B4A,,,,,0.0
Kochi,2018,3B4B,,,,,0.0
Kochi,2018,3B5,,,,,0.0
Kochi,2018,3B5A,,,,,0.0
Kochi,2018,3B5B,,,,,0.0
Kochi,2018,3B6,,,,,0.0
Kochi,2018,3B6A,,,,,0.0
Kochi,2018,3B6B,,,,,0.0
Kochi,2018,3B6B1,,,,,0.0
Kochi,2018,3B6B2,,,,,0.0
Kochi,2018,3B6B3,,,,,0.0
Kochi,2018,3B6B4,,,,,0.0
Kochi,2018,3B6B5,,,,,0.0
Kochi,2018,3C,,,,,0.0
Kochi,2018,3C1,,,,,0.0
Kochi,2018,3C2,,,,,0.0
Kochi,2018,3C3,,,,,0.0
Kochi,2018,3C4,,,,,0.0
Kochi,2018,3C5,,,,,0.0
Kochi,2018,3C6,,,,,0.0
Kochi,2018,3C7,,,,,0.0
Kochi,2018,3C8,,,,,0.0
Kochi,2018,3D,,,,,0.0
Kochi,2018,3D1,,,,,0.0
Kochi,2018,3D2,,,,,0.0
Kochi,2018,4,,,,,0.0
Kochi,2018,4A,,,,,0.0
Kochi,2018,4A1,,,,,0.0
Kochi,2018,4A2,,,,,0.0
Kochi,2018,4A3,,,,,0.0
Kochi,2018,4B,,,,,0.0
Kochi,2018,4C,,,,,0.0
Kochi,2018,4C1,,,,,0.0
Kochi,2018,4C2,,,,,0.0
Kochi,2018,4D,,,,,0.0
Kochi,2018,4D1,,,,,0.0
Kochi,2018,4D2,,,,,0.0
Kochi,2018,4E,,,,,0.0
Kochi,2018,5,,,,,0.0
Kochi,2018,5A,,,,,0.0
Kochi,2018,5A1,,,,,0.0
Kochi,2018,5A2,,,,,0.0
Kochi,2019,0,,,,,0.0
Kochi,2019,1,,,,,0.0
Kochi,2019,1A,ABFLOW001,Coal,,,0.0
Kochi,2019,1A,ABFLOW001,Natural gas,,,0.0
Kochi,2019,1A,ABFLOW001,Oil,,,0.0
Kochi,2019,1A1,,Coal,,,0.0
Kochi,2019,1A1,,Natural gas,,,0.0
Kochi,2019,1A1,,Oil,,,0.0
Kochi,2019,1A1A,ABFLOW002,Coal,,,0.0
Kochi,2019,1A1A,ABFLOW002,Natural gas,,,0.0
Kochi,2019,1A1A,ABFLOW002,Oil,,,0.0
Kochi,2019,1A1A1,ABFLOW003,Coal,,,0.0
Kochi,2019,1A1A1,ABFLOW003,Natural gas,,,0.0
Kochi,2019,1A1A1,ABFLOW003,Oil,,,0.0
Kochi,2019,1A1A2,ABFLOW004,Coal,,,0.0
Kochi,2019,1A1A2,ABFLOW004,Natural gas,,,0.0
Kochi,2019,1A1A2,ABFLOW004,Oil,,,0.0
Kochi,2019,1A1A3,ABFLOW005,Coal,,,0.0
Kochi,2019,1A1A3,ABFLOW005,Natural gas,,,0.0
Kochi,2019,1A1A3,ABFLOW005,Oil,,,0.0
Kochi,2019,1A1B,ABFLOW011,Coal,,,0.0
Kochi,2019,1A1B,ABFLOW011,Natural gas,,,0.0
Kochi,2019,1A1B,ABFLOW011,Oil,,,0.0
Kochi,2019,1A1C,ABFLOW011,Coal,,,0.0
Kochi,2019,1A1C,ABFLOW011,Natural gas,,,0.0
Kochi,2019,1A1C,ABFLOW011,Oil,,,0.0
Kochi,2019,1A2,ABFLOW012,Coal,,,0.0
Kochi,2019,1A2,ABFLOW012,Natural gas,,,0.0
Kochi,2019,1A2,ABFLOW012,Oil,,,0.0
Kochi,2019,1A2A,ABFLOW016,Coal,,,0.0
Kochi,2019,1A2A,ABFLOW016,Natural gas,,,0.0
Kochi,2019,1A2A,ABFLOW016,Oil,,,0.0
Kochi,2019,1A2B,ABFLOW018,Coal,,,0.0
Kochi,2019,1A2B,ABFLOW018,Natural gas,,,0.0
Kochi,2019,1A2B,ABFLOW018,Oil,,,0.0
Kochi,2019,1A2C,ABFLOW017,Coal,,,0.0
Kochi,2019,1A2C,ABFLOW017,Natural gas,,,0.0
Kochi,2019,1A2C,ABFLOW017,Oil,,,0.0
Kochi,2019,1A2D,ABFLOW023,Coal,,,0.0
Kochi,2019,1A2D,ABFLOW023,Natural gas,,,0.0
Kochi,2019,1A2D,ABFLOW023,Oil,,,0.0
Kochi,2019,1A2E,ABFLOW022,Coal,,,0.0
Kochi,2019,1A2E,ABFLOW022,Natural gas,,,0.0
Kochi,2019,1A2E,ABFLOW022,Oil,,,0.0
Kochi,2019,1A2F,ABFLOW019,Coal,,,0.0
Kochi,2019,1A2F,ABFLOW019,Natural gas,,,0.0
Kochi,2019,1A2F,ABFLOW019,Oil,,,0.0
Kochi,2019,1A2G,ABFLOW020,Coal,,,0.0
Kochi,2019,1A2G,ABFLOW020,Natural gas,,,0.0
Kochi,2019,1A2G,ABFLOW020,Oil,,,0.0
Kochi,2019,1A2H,ABFLOW021,Coal,,,0.0
Kochi,2019,1A2H,ABFLOW021,Natural gas,,,0.0
Kochi,2019,1A2H,ABFLOW021,Oil,,,0.0
Kochi,2019,1A2I,ABFLOW013,Coal,,,0.0
Kochi,2019,1A2I,ABFLOW013,Natural gas,,,0.0
Kochi,2019,1A2I,ABFLOW013,Oil,,,0.0
Kochi,2019,1A2J,ABFLOW024,Coal,,,0.0
Kochi,2019,1A2J,ABFLOW024,Natural gas,,,0.0
Kochi,2019,1A2J,ABFLOW024,Oil,,,0.0
Kochi,2019,1A2K,ABFLOW014,Coal,,,0.0
Kochi,2019,1A2K,ABFLOW014,Natural gas,,,0.0
Kochi,2019,1A2K,ABFLOW014,Oil,,,0.0
Kochi,2019,1A2L,ABFLOW025,Coal,,,0.0
Kochi,2019,1A2L,ABFLOW025,Natural gas,,,0.0
Kochi,2019,1A2L,ABFLOW025,Oil,,,0.0
Kochi,2019,1A2M,ABFLOW026,Coal,,,0.0
Kochi,2019,1A2M,ABFLOW026,Natural gas,,,0.0
Kochi,2019,1A2M,ABFLOW026,Oil,,,0.0
Kochi,2019,1A3,ABFLOW027,Coal,,,0.0
Kochi,2019,1A3,ABFLOW027,Natural gas,,,0.0
Kochi,2019,1A3,ABFLOW027,Oil,,,0.0
Kochi,2019,1A3A,,Coal,,,0.0
Kochi,2019,1A3A,,Natural gas,,,0.0
Kochi,2019,1A3A,,Oil,,,0.0
Kochi,2019,1A3A1,ABFLOW040,Coal,,,0.0
Kochi,2019,1A3A1,ABFLOW040,Natural gas,,,0.0
Kochi,2019,1A3A1,ABFLOW040,Oil,,,0.0
Kochi,2019,1A3A2,ABFLOW029,Coal,,,0.0
Kochi,2019,1A3A2,ABFLOW029,Natural gas,,,0.0
Kochi,2019,1A3A2,ABFLOW029,Oil,,,0.0
Kochi,2019,1A3B,ABFLOW028,Coal,,,0.0
Kochi,2019,1A3B,ABFLOW028,Natural gas,,,0.0
Kochi,2019,1A3B,ABFLOW028,Oil,,,0.0
Kochi,2019,1A3C,ABFLOW030,Coal,,,0.0
Kochi,2019,1A3C,ABFLOW030,Natural gas,,,0.0
Kochi,2019,1A3C,ABFLOW030,Oil,,,0.0
Kochi,2019,1A3D,,Coal,,,0.0
Kochi,2019,1A3D,,Natural gas,,,0.0
Kochi,2019,1A3D,,Oil,,,0.0
Kochi,2019,1A3D1,ABFLOW039,Coal,,,0.0
Kochi,2019,1A3D1,ABFLOW039,Natural gas,,,0.0
Kochi,2019,1A3D1,ABFLOW039,Oil,,,0.0
Kochi,2019,1A3D2,ABFLOW032,Coal,,,0.0
Kochi,2019,1A3D2,ABFLOW032,Natural gas,,,0.0
Kochi,2019,1A3D2,ABFLOW032,Oil,,,0.0
Kochi,2019,1A3E,,Coal,,,0.0
Kochi,2019,1A3E,,Natural gas,,,0.0
Kochi,2019,1A3E,,Oil,,,0.0
Kochi,2019,1A3E1,ABFLOW033,Coal,,,0.0
Kochi,2019,1A3E1,ABFLOW033,Natural gas,,,0.0
Kochi,2019,1A3E1,ABFLOW033,Oil,,,0.0
Kochi,2019,1A4,,Coal,,,0.0
Kochi,2019,1A4,,Natural gas,,,0.0
Kochi,2019,1A4,,Oil,,,0.0
Kochi,2019,1A4A,ABFLOW035,Coal,,,0.0
Kochi,2019,1A4A,ABFLOW035,Natural gas,,,0.0
Kochi,2019,1A4A,ABFLOW035,Oil,,,0.0
Kochi,2019,1A4B,ABFLOW034,Coal,,,0.0
Kochi,2019,1A4B,ABFLOW034,Natural gas,,,0.0
Kochi,2019,1A4B,ABFLOW034,Oil,,,0.0
Kochi,2019,1A4C,,Coal,,,0.0
Kochi,2019,1A4C,,Natural gas,,,0.0
Kochi,2019,1A4C,,Oil,,,0.0
Kochi,2019,1A4C1,ABFLOW036,Coal,,,0.0
Kochi,2019,1A4C1,ABFLOW036,Natural gas,,,0.0
Kochi,2019,1A4C1,ABFLOW036,Oil,,,0.0
Kochi,2019,1A4C2,ABFLOW037,Coal,,,0.0
Kochi,2019,1A4C2,ABFLOW037,Natural gas,,,0.0
Kochi,2019,1A4C2,ABFLOW037,Oil,,,0.0
Kochi,2019,1A4C3,,Coal,,,0.0
Kochi,2019,1A4C3,,Natural gas,,,0.0
Kochi,2019,1A4C3,,Oil,,,0.0
Kochi,2019,1A5,ABFLOW038,Coal,,,0.0
Kochi,2019,1A5,ABFLOW038,Natural gas,,,0.0
Kochi,2019,1A5,ABFLOW038,Oil,,,0.0
Kochi,2019,1A5A,,Coal,,,0.0
Kochi,2019,1A5A,,Natural gas,,,0.0
Kochi,2019,1A5A,,Oil,,,0.0
Kochi,2019,1A5B,,Coal,,,0.0
Kochi,2019,1A5B,,Natural gas,,,0.0
Kochi,2019,1A5B,,Oil,,,0.0
Kochi,2019,1A5C,,Coal,,,0.0
Kochi,2019,1A5C,,Natural gas,,,0.0
Kochi,2019,1A5C,,Oil,,,0.0
Kochi,2019,1B,,,,,0.0
Kochi,2019,1B1,,,,,0.0
Kochi,2019,1B1A,,,,,0.0
Kochi,2019,1B1A1,,,,,0.0
Kochi,2019,1B1A11,,,,,0.0
Kochi,2019,1B1A12,,,,,0.0
Kochi,2019,1B1A13,,,,,0.0
Kochi,2019,1B1A14,,,,,0.0
Kochi,2019,1B1A2,,,,,0.0
Kochi,2019,1B1A21,,,,,0.0
Kochi,2019,1B1A22,,,,,0.0
Kochi,2019,1B1B,,,,,0.0
Kochi,2019,1B2,,,,,0.0
Kochi,2019,1B2A,,,,,0.0
Kochi,2019,1B2A1,,,,,0.0
Kochi,2019,1B2A2,,,,,0.0
Kochi,2019,1B2A3,,,,,0.0
Kochi,2019,1B2A31,,,,,0.0
Kochi,2019,1B2A32,,,,,0.0
Kochi,2019,1B2A33,,,,,0.0
Kochi,2019,1B2A34,,,,,0.0
Kochi,2019,1B2A35,,,,,0.0
Kochi,2019,1B2A36,,,,,0.0
Kochi,2019,1B2B,,,,,0.0
Kochi,2019,1B2B1,,,,,0.0
Kochi,2019,1B2B2,,,,,0.0
Kochi,2019,1B2B3,,,,,0.0
Kochi,2019,1B2B31,,,,,0.0
Kochi,2019,1B2B32,,,,,0.0
Kochi,2019,1B2B33,,,,,0.0
Kochi,2019,1B2B34,,,,,0.0
Kochi,2019,1B2B35,,,,,0.0
Kochi,2019,1B2B36,,,,,0.0
Kochi,2019,1B3,,,,,0.0
Kochi,2019,1C,,,,,0.0
Kochi,2019,1C1,,,,,0.0
Kochi,2019,1C1A,,,,,0.0
Kochi,2019,1C1B,,,,,0.0
Kochi,2019,1C1C,,,,,0.0
Kochi,2019,1C2,,,,,0.0
Kochi,2019,1C2A,,,,,0.0
Kochi,2019,1C2B,,,,,0.0
Kochi,2019,1C3,,,,,0.0
Kochi,2019,2,,,,,0.0
Kochi,2019,20,,,,,0.0
Kochi,2019,200,,,,,0.0
Kochi,2019,2000,,,,,0.0
Kochi,2019,20000,,,,,0.0
Kochi,2019,200000,,,,,0.0
Kochi,2019,2A,,,,,0.0
Kochi,2019,2A1,,,,,0.0
Kochi,2019,2A2,,,,,0.0
Kochi,2019,2A3,,,,,0.0
Kochi,2019,2A4,,,,,0.0
Kochi,2019,2A4A,,,,,0.0
Kochi,2019,2A4B,,,,,0.0
Kochi,2019,2A4C,,,,,0.0
Kochi,2019,2A4D,,,,,0.0
Kochi,2019,2B,,,,,0.0
Kochi,2019,2B1,,,,,0.0
Kochi,2019,2B10,,,,,0.0
Kochi,2019,2B2,,,,,0.0
Kochi,2019,2B3,,,,,0.0
Kochi,2019,2B4,,,,,0.0
Kochi,2019,2B5,,,,,0.0
Kochi,2019,2B6,,,,,0.0
Kochi,2019,2B7,,,,,0.0
Kochi,2019,2B8,,,,,0.0
Kochi,2019,2B8A,,,,,0.0
Kochi,2019,2B8B,,,,,0.0
Kochi,2019,2B8C,,,,,0.0
Kochi,2019,2B8D,,,,,0.0
Kochi,2019,2B8E,,,,,0.0
Kochi,2019,2B8F,,,,,0.0
Kochi,2019,2B9,,,,,0.0
Kochi,2019,2B9A,,,,,0.0
Kochi,2019,2B9B,,,,,0.0
Kochi,2019,2C,,,,,0.0
Kochi,2019,2C1,,,,,0.0
Kochi,2019,2C2,,,,,0.0
Kochi,2019,2C3,,,,,0.0
Kochi,2019,2C4,,,,,0.0
Kochi,2019,2C5,,,,,0.0
Kochi,2019,2C6,,,,,0.0
Kochi,2019,2C7,,,,,0.0
Kochi,2019,2D,,,,,0.0
Kochi,2019,2D1,,,,,0.0
Kochi,2019,2D2,,,,,0.0
Kochi,2019,2D3,,,,,0.0
Kochi,2019,2D4,,,,,0.0
Kochi,2019,2E,,,,,0.0
Kochi,2019,2F,,,,,0.0
Kochi,2019,2F1,,,,,0.0
Kochi,2019,2F2,,,,,0.0
Kochi,2019,2F3,,,,,0.0
Kochi,2019,2F4,,,,,0.0
Kochi,2019,2F5,,,,,0.0
Kochi,2019,2F6,,,,,0.0
Kochi,2019,2G,,,,,0.0
Kochi,2019,2G1,,,,,0.0
Kochi,2019,2G2,,,,,0.0
Kochi,2019,2G3,,,,,0.0
Kochi,2019,2G4,,,,,0.0
Kochi,2019,2H,,,,,0.0
Kochi,2019,2H1,,,,,0.0
Kochi,2019,2H2,,,,,0.0
Kochi,2019,2H3,,,,,0.0
Kochi,2019,3,,,,,0.0
Kochi,2019,3A,,,,,0.0
Kochi,2019,3A1,,,,,0.0
Kochi,2019,3A2,,,,,0.0
Kochi,2019,3B,,,,,0.0
Kochi,2019,3B1,,,,,0.0
Kochi,2019,3B1A,,,,,0.0
Kochi,2019,3B1B,,,,,0.0
Kochi,2019,3B2,,,,,0.0
Kochi,2019,3B2A,,,,,0.0
Kochi,2019,3B2B,,,,,0.0
Kochi,2019,3B3,,,,,0.0
Kochi,2019,3B3A,,,,,0.0
Kochi,2019,3B3B,,,,,0.0
Kochi,2019,3B4,,,,,0.0
Kochi,2019,3B4A,,,,,0.0
Kochi,2019,3B4B,,,,,0.0
Kochi,2019,3B5,,,,,0.0
Kochi,2019,3B5A,,,,,0.0
Kochi,2019,3B5B,,,,,0.0
Kochi,2019,3B6,,,,,0.0
Kochi,2019,3B6A,,,,,0.0
Kochi,2019,3B6B,,,,,0.0
Kochi,2019,3B6B1,,,,,0.0
Kochi,2019,3B6B2,,,,,0.0
Kochi,2019,3B6B3,,,,,0.0
Kochi,2019,3B6B4,,,,,0.0
Kochi,2019,3B6B5,,,,,0.0
Kochi,2019,3C,,,,,0.0
Kochi,2019,3C1,,,,,0.0
Kochi,2019,3C2,,,,,0.0
Kochi,2019,3C3,,,,,0.0
Kochi,2019,3C4,,,,,0.0
Kochi,2019,3C5,,,,,0.0
Kochi,2019,3C6,,,,,0.0
Kochi,2019,3C7,,,,,0.0
Kochi,2019,3C8,,,,,0.0
Kochi,2019,3D,,,,,0.0
Kochi,2019,3D1,,,,,0.0
Kochi,2019,3D2,,,,,0.0
Kochi,2019,4,,,,,0.0
Kochi,2019,4A,,,,,0.0
Kochi,2019,4A1,,,,,0.0
Kochi,2019,4A2,,,,,0.0
Kochi,2019,4A3,,,,,0.0
Kochi,2019,4B,,,,,0.0
Kochi,2019,4C,,,,,0.0
Kochi,2019,4C1,,,,,0.0
Kochi,2019,4C2,,,,,0.0
Kochi,2019,4D,,,,,0.0
Kochi,2019,4D1,,,,,0.0
Kochi,2019,4D2,,,,,0.0
Kochi,2019,4E,,,,,0.0
Kochi,2019,5,,,,,0.0
Kochi,2019,5A,,,,,0.0
Kochi,2019,5A1,,,,,0.0
Kochi,2019,5A2,,,,,0.0
Kochi,2020,0,,,,,0.0
Kochi,2020,1,,,,,0.0
Kochi,2020,1A,ABFLOW001,Coal,,,0.0
Kochi,2020,1A,ABFLOW001,Natural gas,,,0.0
Kochi,2020,1A,ABFLOW001,Oil,,,0.0
Kochi,2020,1A1,,Coal,,,0.0
Kochi,2020,1A1,,Natural gas,,,0.0
Kochi,2020,1A1,,Oil,,,0.0
Kochi,2020,1A1A,ABFLOW002,Coal,,,0.0
Kochi,2020,1A1A,ABFLOW002,Natural gas,,,0.0
Kochi,2020,1A1A,ABFLOW002,Oil,,,0.0
Kochi,2020,1A1A1,ABFLOW003,Coal,,,0.0
Kochi,2020,1A1A1,ABFLOW003,Natural gas,,,0.0
Kochi,2020,1A1A1,ABFLOW003,Oil,,,0.0
Kochi,2020,1A1A2,ABFLOW004,Coal,,,0.0
Kochi,2020,1A1A2,ABFLOW004,Natural gas,,,0.0
Kochi,2020,1A1A2,ABFLOW004,Oil,,,0.0
Kochi,2020,1A1A3,ABFLOW005,Coal,,,0.0
Kochi,2020,1A1A3,ABFLOW005,Natural gas,,,0.0
Kochi,2020,1A1A3,ABFLOW005,Oil,,,0.0
Kochi,2020,1A1B,ABFLOW011,Coal,,,0.0
Kochi,2020,1A1B,ABFLOW011,Natural gas,,,0.0
Kochi,2020,1A1B,ABFLOW011,Oil,,,0.0
Kochi,2020,1A1C,ABFLOW011,Coal,,,0.0
Kochi,2020,1A1C,ABFLOW011,Natural gas,,,0.0
Kochi,2020,1A1C,ABFLOW011,Oil,,,0.0
Kochi,2020,1A2,ABFLOW012,Coal,,,0.0
Kochi,2020,1A2,ABFLOW012,Natural gas,,,0.0
Kochi,2020,1A2,ABFLOW012,Oil,,,0.0
Kochi,2020,1A2A,ABFLOW016,Coal,,,0.0
Kochi,2020,1A2A,ABFLOW016,Natural gas,,,0.0
Kochi,2020,1A2A,ABFLOW016,Oil,,,0.0
Kochi,2020,1A2B,ABFLOW018,Coal,,,0.0
Kochi,2020,1A2B,ABFLOW018,Natural gas,,,0.0
Kochi,2020,1A2B,ABFLOW018,Oil,,,0.0
Kochi,2020,1A2C,ABFLOW017,Coal,,,0.0
Kochi,2020,1A2C,ABFLOW017,Natural gas,,,0.0
Kochi,2020,1A2C,ABFLOW017,Oil,,,0.0
Kochi,2020,1A2D,ABFLOW023,Coal,,,0.0
Kochi,2020,1A2D,ABFLOW023,Natural gas,,,0.0
Kochi,2020,1A2D,ABFLOW023,Oil,,,0.0
Kochi,2020,1A2E,ABFLOW022,Coal,,,0.0
Kochi,2020,1A2E,ABFLOW022,Natural gas,,,0.0
Kochi,2020,1A2E,ABFLOW022,Oil,,,0.0
Kochi,2020,1A2F,ABFLOW019,Coal,,,0.0
Kochi,2020,1A2F,ABFLOW019,Natural gas,,,0.0
Kochi,2020,1A2F,ABFLOW019,Oil,,,0.0
Kochi,2020,1A2G,ABFLOW020,Coal,,,0.0
Kochi,2020,1A2G,ABFLOW020,Natural gas,,,0.0
Kochi,2020,1A2G,ABFLOW020,Oil,,,0.0
Kochi,2020,1A2H,ABFLOW021,Coal,,,0.0
Kochi,2020,1A2H,ABFLOW021,Natural gas,,,0.0
Kochi,2020,1A2H,ABFLOW021,Oil,,,0.0
Kochi,2020,1A2I,ABFLOW013,Coal,,,0.0
Kochi,2020,1A2I,ABFLOW013,Natural gas,,,0.0
Kochi,2020,1A2I,ABFLOW013,Oil,,,0.0
Kochi,2020,1A2J,ABFLOW024,Coal,,,0.0
Kochi,2020,1A2J,ABFLOW024,Natural gas,,,0.0
Kochi,2020,1A2J,ABFLOW024,Oil,,,0.0
Kochi,2020,1A2K,ABFLOW014,Coal,,,0.0
Kochi,2020,1A2K,ABFLOW014,Natural gas,,,0.0
Kochi,2020,1A2K,ABFLOW014,Oil,,,0.0
Kochi,2020,1A2L,ABFLOW025,Coal,,,0.0
Kochi,2020,1A2L,ABFLOW025,Natural gas,,,0.0
Kochi,2020,1A2L,ABFLOW025,Oil,,,0.0
Kochi,2020,1A2M,ABFLOW026,Coal,,,0.0
Kochi,2020,1A2M,ABFLOW026,Natural gas,,,0.0
Kochi,2020,1A2M,ABFLOW026,Oil,,,0.0
Kochi,2020,1A3,ABFLOW027,Coal,,,0.0
Kochi,2020,1A3,ABFLOW027,Natural gas,,,0.0
Kochi,2020,1A3,ABFLOW027,Oil,,,0.0
Kochi,2020,1A3A,,Coal,,,0.0
Kochi,2020,1A3A,,Natural gas,,,0.0
Kochi,2020,1A3A,,Oil,,,0.0
Kochi,2020,1A3A1,ABFLOW040,Coal,,,0.0
Kochi,2020,1A3A1,ABFLOW040,Natural gas,,,0.0
Kochi,2020,1A3A1,ABFLOW040,Oil,,,0.0
Kochi,2020,1A3A2,ABFLOW029,Coal,,,0.0
Kochi,2020,1A3A2,ABFLOW029,Natural gas,,,0.0
Kochi,2020,1A3A2,ABFLOW029,Oil,,,0.0
Kochi,2020,1A3B,ABFLOW028,Coal,,,0.0
Kochi,2020,1A3B,ABFLOW028,Natural gas,,,0.0
Kochi,2020,1A3B,ABFLOW028,Oil,,,0.0
Kochi,2020,1A3C,ABFLOW030,Coal,,,0.0
Kochi,2020,1A3C,ABFLOW030,Natural gas,,,0.0
Kochi,2020,1A3C,ABFLOW030,Oil,,,0.0
Kochi,2020,1A3D,,Coal,,,0.0
Kochi,2020,1A3D,,Natural gas,,,0.0
Kochi,2020,1A3D,,Oil,,,0.0
Kochi,2020,1A3D1,ABFLOW039,Coal,,,0.0
Kochi,2020,1A3D1,ABFLOW039,Natural gas,,,0.0
Kochi,2020,1A3D1,ABFLOW039,Oil,,,0.0
Kochi,2020,1A3D2,ABFLOW032,Coal,,,0.0
Kochi,2020,1A3D2,ABFLOW032,Natural gas,,,0.0
Kochi,2020,1A3D2,ABFLOW032,Oil,,,0.0
Kochi,2020,1A3E,,Coal,,,0.0
Kochi,2020,1A3E,,Natural gas,,,0.0
Kochi,2020,1A3E,,Oil,,,0.0
Kochi,2020,1A3E1,ABFLOW033,Coal,,,0.0
Kochi,2020,1A3E1,ABFLOW033,Natural gas,,,0.0
Kochi,2020,1A3E1,ABFLOW033,Oil,,,0.0
Kochi,2020,1A4,,Coal,,,0.0
Kochi,2020,1A4,,Natural gas,,,0.0
Kochi,2020,1A4,,Oil,,,0.0
Kochi,2020,1A4A,ABFLOW035,Coal,,,0.0
Kochi,2020,1A4A,ABFLOW035,Natural gas,,,0.0
Kochi,2020,1A4A,ABFLOW035,Oil,,,0.0
Kochi,2020,1A4B,ABFLOW034,Coal,,,0.0
Kochi,2020,1A4B,ABFLOW034,Natural gas,,,0.0
Kochi,2020,1A4B,ABFLOW034,Oil,,,0.0
Kochi,2020,1A4C,,Coal,,,0.0
Kochi,2020,1A4C,,Natural gas,,,0.0
Kochi,2020,1A4C,,Oil,,,0.0
Kochi,2020,1A4C1,ABFLOW036,Coal,,,0.0
Kochi,2020,1A4C1,ABFLOW036,Natural gas,,,0.0
Kochi,2020,1A4C1,ABFLOW036,Oil,,,0.0
Kochi,2020,1A4C2,ABFLOW037,Coal,,,0.0
Kochi,2020,1A4C2,ABFLOW037,Natural gas,,,0.0
Kochi,2020,1A4C2,ABFLOW037,Oil,,,0.0
Kochi,2020,1A4C3,,Coal,,,0.0
Kochi,2020,1A4C3,,Natural gas,,,0.0
Kochi,2020,1A4C3,,Oil,,,0.0
Kochi,2020,1A5,ABFLOW038,Coal,,,0.0
Kochi,2020,1A5,ABFLOW038,Natural gas,,,0.0
Kochi,2020,1A5,ABFLOW038,Oil,,,0.0
Kochi,2020,1A5A,,Coal,,,0.0
Kochi,2020,1A5A,,Natural gas,,,0.0
Kochi,2020,1A5A,,Oil,,,0.0
Kochi,2020,1A5B,,Coal,,,0.0
Kochi,2020,1A5B,,Natural gas,,,0.0
Kochi,2020,1A5B,,Oil,,,0.0
Kochi,2020,1A5C,,Coal,,,0.0
Kochi,2020,1A5C,,Natural gas,,,0.0
Kochi,2020,1A5C,,Oil,,,0.0
Kochi,2020,1B,,,,,0.0
Kochi,2020,1B1,,,,,0.0
Kochi,2020,1B1A,,,,,0.0
Kochi,2020,1B1A1,,,,,0.0
Kochi,2020,1B1A11,,,,,0.0
Kochi,2020,1B1A12,,,,,0.0
Kochi,2020,1B1A13,,,,,0.0
Kochi,2020,1B1A14,,,,,0.0
Kochi,2020,1B1A2,,,,,0.0
Kochi,2020,1B1A21,,,,,0.0
Kochi,2020,1B1A22,,,,,0.0
Kochi,2020,1B1B,,,,,0.0
Kochi,2020,1B2,,,,,0.0
Kochi,2020,1B2A,,,,,0.0
Kochi,2020,1B2A1,,,,,0.0
Kochi,2020,1B2A2,,,,,0.0
Kochi,2020,1B2A3,,,,,0.0
Kochi,2020,1B2A31,,,,,0.0
Kochi,2020,1B2A32,,,,,0.0
Kochi,2020,1B2A33,,,,,0.0
Kochi,2020,1B2A34,,,,,0.0
Kochi,2020,1B2A35,,,,,0.0
Kochi,2020,1B2A36,,,,,0.0
Kochi,2020,1B2B,,,,,0.0
Kochi,2020,1B2B1,,,,,0.0
Kochi,2020,1B2B2,,,,,0.0
Kochi,2020,1B2B3,,,,,0.0
Kochi,2020,1B2B31,,,,,0.0
Kochi,2020,1B2B32,,,,,0.0
Kochi,2020,1B2B33,,,,,0.0
Kochi,2020,1B2B34,,,,,0.0
Kochi,2020,1B2B35,,,,,0.0
Kochi,2020,1B2B36,,,,,0.0
Kochi,2020,1B3,,,,,0.0
Kochi,2020,1C,,,,,0.0
Kochi,2020,1C1,,,,,0.0
Kochi,2020,1C1A,,,,,0.0
Kochi,2020,1C1B,,,,,0.0
Kochi,2020,1C1C,,,,,0.0
Kochi,2020,1C2,,,,,0.0
Kochi,2020,1C2A,,,,,0.0
Kochi,2020,1C2B,,,,,0.0
Kochi,2020,1C3,,,,,0.0
Kochi,2020,2,,,,,0.0
Kochi,2020,20,,,,,0.0
Kochi,2020,200,,,,,0.0
Kochi,2020,2000,,,,,0.0
Kochi,2020,20000,,,,,0.0
Kochi,2020,200000,,,,,0.0
Kochi,2020,2A,,,,,0.0
Kochi,2020,2A1,,,,,0.0
Kochi,2020,2A2,,,,,0.0
Kochi,2020,2A3,,,,,0.0
Kochi,2020,2A4,,,,,0.0
Kochi,2020,2A4A,,,,,0.0
Kochi,2020,2A4B,,,,,0.0
Kochi,2020,2A4C,,,,,0.0
Kochi,2020,2A4D,,,,,0.0
Kochi,2020,2B,,,,,0.0
Kochi,2020,2B1,,,,,0.0
Kochi,2020,2B10,,,,,0.0
Kochi,2020,2B2,,,,,0.0
Kochi,2020,2B3,,,,,0.0
Kochi,2020,2B4,,,,,0.0
Kochi,2020,2B5,,,,,0.0
Kochi,2020,2B6,,,,,0.0
Kochi,2020,2B7,,,,,0.0
Kochi,2020,2B8,,,,,0.0
Kochi,2020,2B8A,,,,,0.0
Kochi,2020,2B8B,,,,,0.0
Kochi,2020,2B8C,,,,,0.0
Kochi,2020,2B8D,,,,,0.0
Kochi,2020,2B8E,,,,,0.0
Kochi,2020,2B8F,,,,,0.0
Kochi,2020,2B9,,,,,0.0
Kochi,2020,2B9A,,,,,0.0
Kochi,2020,2B9B,,,,,0.0
Kochi,2020,2C,,,,,0.0
Kochi,2020,2C1,,,,,0.0
Kochi,2020,2C2,,,,,0.0
Kochi,2020,2C3,,,,,0.0
Kochi,2020,2C4,,,,,0.0
Kochi,2020,2C5,,,,,0.0
Kochi,2020,2C6,,,,,0.0
Kochi,2020,2C7,,,,,0.0
Kochi,2020,2D,,,,,0.0
Kochi,2020,2D1,,,,,0.0
Kochi,2020,2D2,,,,,0.0
Kochi,2020,2D3,,,,,0.0
Kochi,2020,2D4,,,,,0.0
Kochi,2020,2E,,,,,0.0
Kochi,2020,2F,,,,,0.0
Kochi,2020,2F1,,,,,0.0
Kochi,2020,2F2,,,,,0.0
Kochi,2020,2F3,,,,,0.0
Kochi,2020,2F4,,,,,0.0
Kochi,2020,2F5,,,,,0.0
Kochi,2020,2F6,,,,,0.0
Kochi,2020,2G,,,,,0.0
Kochi,2020,2G1,,,,,0.0
Kochi,2020,2G2,,,,,0.0
Kochi,2020,2G3,,,,,0.0
Kochi,2020,2G4,,,,,0.0
Kochi,2020,2H,,,,,0.0
Kochi,2020,2H1,,,,,0.0
Kochi,2020,2H2,,,,,0.0
Kochi,2020,2H3,,,,,0.0
Kochi,2020,3,,,,,0.0
Kochi,2020,3A,,,,,0.0
Kochi,2020,3A1,,,,,0.0
Kochi,2020,3A2,,,,,0.0
Kochi,2020,3B,,,,,0.0
Kochi,2020,3B1,,,,,0.0
Kochi,2020,3B1A,,,,,0.0
Kochi,2020,3B1B,,,,,0.0
Kochi,2020,3B2,,,,,0.0
Kochi,2020,3B2A,,,,,0.0
Kochi,2020,3B2B,,,,,0.0
Kochi,2020,3B3,,,,,0.0
Kochi,2020,3B3A,,,,,0.0
Kochi,2020,3B3B,,,,,0.0
Kochi,2020,3B4,,,,,0.0
Kochi,2020,3B4A,,,,,0.0
Kochi,2020,3B4B,,,,,0.0
Kochi,2020,3B5,,,,,0.0
Kochi,2020,3B5A,,,,,0.0
Kochi,2020,3B5B,,,,,0.0
Kochi,2020,3B6,,,,,0.0
Kochi,2020,3B6A,,,,,0.0
Kochi,2020,3B6B,,,,,0.0
Kochi,2020,3B6B1,,,,,0.0
Kochi,2020,3B6B2,,,,,0.0
Kochi,2020,3B6B3,,,,,0.0
Kochi,2020,3B6B4,,,,,0.0
Kochi,2020,3B6B5,,,,,0.0
Kochi,2020,3C,,,,,0.0
Kochi,2020,3C1,,,,,0.0
Kochi,2020,3C2,,,,,0.0
Kochi,2020,3C3,,,,,0.0
Kochi,2020,3C4,,,,,0.0
Kochi,2020,3C5,,,,,0.0
Kochi,2020,3C6,,,,,0.0
Kochi,2020,3C7,,,,,0.0
Kochi,2020,3C8,,,,,0.0
Kochi,2020,3D,,,,,0.0
Kochi,2020,3D1,,,,,0.0
Kochi,2020,3D2,,,,,0.0
Kochi,2020,4,,,,,0.0
Kochi,2020,4A,,,,,0.0
Kochi,2020,4A1,,,,,0.0
Kochi,2020,4A2,,,,,0.0
Kochi,2020,4A3,,,,,0.0
Kochi,2020,4B,,,,,0.0
Kochi,2020,4C,,,,,0.0
Kochi,2020,4C1,,,,,0.0
Kochi,2020,4C2,,,,,0.0
Kochi,2020,4D,,,,,0.0
Kochi,2020,4D1,,,,,0.0
Kochi,2020,4D2,,,,,0.0
Kochi,2020,4E,,,,,0.0
Kochi,2020,5,,,,,0.0
Kochi,2020,5A,,,,,0.0
Kochi,2020,5A1,,,,,0.0
Kochi,2020,5A2,,,,,0.0
Kochi,2021,0,,,,,0.0
Kochi,2021,1,,,,,0.0
Kochi,2021,1A,ABFLOW001,Coal,,,0.0
Kochi,2021,1A,ABFLOW001,Natural gas,,,0.0
Kochi,2021,1A,ABFLOW001,Oil,,,0.0
Kochi,2021,1A1,,Coal,,,0.0
Kochi,2021,1A1,,Natural gas,,,0.0
Kochi,2021,1A1,,Oil,,,0.0
Kochi,2021,1A1A,ABFLOW002,Coal,,,0.0
Kochi,2021,1A1A,ABFLOW002,Natural gas,,,0.0
Kochi,2021,1A1A,ABFLOW002,Oil,,,0.0
Kochi,2021,1A1A1,ABFLOW003,Coal,,,0.0
Kochi,2021,1A1A1,ABFLOW003,Natural gas,,,0.0
Kochi,2021,1A1A1,ABFLOW003,Oil,,,0.0
Kochi,2021,1A1A2,ABFLOW004,Coal,,,0.0
Kochi,2021,1A1A2,ABFLOW004,Natural gas,,,0.0
Kochi,2021,1A1A2,ABFLOW004,Oil,,,0.0
Kochi,2021,1A1A3,ABFLOW005,Coal,,,0.0
Kochi,2021,1A1A3,ABFLOW005,Natural gas,,,0.0
Kochi,2021,1A1A3,ABFLOW005,Oil,,,0.0
Kochi,2021,1A1B,ABFLOW011,Coal,,,0.0
Kochi,2021,1A1B,ABFLOW011,Natural gas,,,0.0
Kochi,2021,1A1B,ABFLOW011,Oil,,,0.0
Kochi,2021,1A1C,ABFLOW011,Coal,,,0.0
Kochi,2021,1A1C,ABFLOW011,Natural gas,,,0.0
Kochi,2021,1A1C,ABFLOW011,Oil,,,0.0
Kochi,2021,1A2,ABFLOW012,Coal,,,0.0
Kochi,2021,1A2,ABFLOW012,Natural gas,,,0.0
Kochi,2021,1A2,ABFLOW012,Oil,,,0.0
Kochi,2021,1A2A,ABFLOW016,Coal,,,0.0
Kochi,2021,1A2A,ABFLOW016,Natural gas,,,0.0
Kochi,2021,1A2A,ABFLOW016,Oil,,,0.0
Kochi,2021,1A2B,ABFLOW018,Coal,,,0.0
Kochi,2021,1A2B,ABFLOW018,Natural gas,,,0.0
Kochi,2021,1A2B,ABFLOW018,Oil,,,0.0
Kochi,2021,1A2C,ABFLOW017,Coal,,,0.0
Kochi,2021,1A2C,ABFLOW017,Natural gas,,,0.0
Kochi,2021,1A2C,ABFLOW017,Oil,,,0.0
Kochi,2021,1A2D,ABFLOW023,Coal,,,0.0
Kochi,2021,1A2D,ABFLOW023,Natural gas,,,0.0
Kochi,2021,1A2D,ABFLOW023,Oil,,,0.0
Kochi,2021,1A2E,ABFLOW022,Coal,,,0.0
Kochi,2021,1A2E,ABFLOW022,Natural gas,,,0.0
Kochi,2021,1A2E,ABFLOW022,Oil,,,0.0
Kochi,2021,1A2F,ABFLOW019,Coal,,,0.0
Kochi,2021,1A2F,ABFLOW019,Natural gas,,,0.0
Kochi,2021,1A2F,ABFLOW019,Oil,,,0.0
Kochi,2021,1A2G,ABFLOW020,Coal,,,0.0
Kochi,2021,1A2G,ABFLOW020,Natural gas,,,0.0
Kochi,2021,1A2G,ABFLOW020,Oil,,,0.0
Kochi,2021,1A2H,ABFLOW021,Coal,,,0.0
Kochi,2021,1A2H,ABFLOW021,Natural gas,,,0.0
Kochi,2021,1A2H,ABFLOW021,Oil,,,0.0
Kochi,2021,1A2I,ABFLOW013,Coal,,,0.0
Kochi,2021,1A2I,ABFLOW013,Natural gas,,,0.0
Kochi,2021,1A2I,ABFLOW013,Oil,,,0.0
Kochi,2021,1A2J,ABFLOW024,Coal,,,0.0
Kochi,2021,1A2J,ABFLOW024,Natural gas,,,0.0
Kochi,2021,1A2J,ABFLOW024,Oil,,,0.0
Kochi,2021,1A2K,ABFLOW014,Coal,,,0.0
Kochi,2021,1A2K,ABFLOW014,Natural gas,,,0.0
Kochi,2021,1A2K,ABFLOW014,Oil,,,0.0
Kochi,2021,1A2L,ABFLOW025,Coal,,,0.0
Kochi,2021,1A2L,ABFLOW025,Natural gas,,,0.0
Kochi,2021,1A2L,ABFLOW025,Oil,,,0.0
Kochi,2021,1A2M,ABFLOW026,Coal,,,0.0
Kochi,2021,1A2M,ABFLOW026,Natural gas,,,0.0
Kochi,2021,1A2M,ABFLOW026,Oil,,,0.0
Kochi,2021,1A3,ABFLOW027,Coal,,,0.0
Kochi,2021,1A3,ABFLOW027,Natural gas,,,0.0
Kochi,2021,1A3,ABFLOW027,Oil,,,0.0
Kochi,2021,1A3A,,Coal,,,0.0
Kochi,2021,1A3A,,Natural gas,,,0.0
Kochi,2021,1A3A,,Oil,,,0.0
Kochi,2021,1A3A1,ABFLOW040,Coal,,,0.0
Kochi,2021,1A3A1,ABFLOW040,Natural gas,,,0.0
Kochi,2021,1A3A1,ABFLOW040,Oil,,,0.0
Kochi,2021,1A3A2,ABFLOW029,Coal,,,0.0
Kochi,2021,1A3A2,ABFLOW029,Natural gas,,,0.0
Kochi,2021,1A3A2,ABFLOW029,Oil,,,0.0
Kochi,2021,1A3B,ABFLOW028,Coal,,,0.0
Kochi,2021,1A3B,ABFLOW028,Natural gas,,,0.0
Kochi,2021,1A3B,ABFLOW028,Oil,,,0.0
Kochi,2021,1A3C,ABFLOW030,Coal,,,0.0
Kochi,2021,1A3C,ABFLOW030,Natural gas,,,0.0
Kochi,2021,1A3C,ABFLOW030,Oil,,,0.0
Kochi,2021,1A3D,,Coal,,,0.0
Kochi,2021,1A3D,,Natural gas,,,0.0
Kochi,2021,1A3D,,Oil,,,0.0
Kochi,2021,1A3D1,ABFLOW039,Coal,,,0.0
Kochi,2021,1A3D1,ABFLOW039,Natural gas,,,0.0
Kochi,2021,1A3D1,ABFLOW039,Oil,,,0.0
Kochi,2021,1A3D2,ABFLOW032,Coal,,,0.0
Kochi,2021,1A3D2,ABFLOW032,Natural gas,,,0.0
Kochi,2021,1A3D2,ABFLOW032,Oil,,,0.0
Kochi,2021,1A3E,,Coal,,,0.0
Kochi,2021,1A3E,,Natural gas,,,0.0
Kochi,2021,1A3E,,Oil,,,0.0
Kochi,2021,1A3E1,ABFLOW033,Coal,,,0.0
Kochi,2021,1A3E1,ABFLOW033,Natural gas,,,0.0
Kochi,2021,1A3E1,ABFLOW033,Oil,,,0.0
Kochi,2021,1A4,,Coal,,,0.0
Kochi,2021,1A4,,Natural gas,,,0.0
Kochi,2021,1A4,,Oil,,,0.0
Kochi,2021,1A4A,ABFLOW035,Coal,,,0.0
Kochi,2021,1A4A,ABFLOW035,Natural gas,,,0.0
Kochi,2021,1A4A,ABFLOW035,Oil,,,0.0
Kochi,2021,1A4B,ABFLOW034,Coal,,,0.0
Kochi,2021,1A4B,ABFLOW034,Natural gas,,,0.0
Kochi,2021,1A4B,ABFLOW034,Oil,,,0.0
Kochi,2021,1A4C,,Coal,,,0.0
Kochi,2021,1A4C,,Natural gas,,,0.0
Kochi,2021,1A4C,,Oil,,,0.0
Kochi,2021,1A4C1,ABFLOW036,Coal,,,0.0
Kochi,2021,1A4C1,ABFLOW036,Natural gas,,,0.0
Kochi,2021,1A4C1,ABFLOW036,Oil,,,0.0
Kochi,2021,1A4C2,ABFLOW037,Coal,,,0.0
Kochi,2021,1A4C2,ABFLOW037,Natural gas,,,0.0
Kochi,2021,1A4C2,ABFLOW037,Oil,,,0.0
Kochi,2021,1A4C3,,Coal,,,0.0
Kochi,2021,1A4C3,,Natural gas,,,0.0
Kochi,2021,1A4C3,,Oil,,,0.0
Kochi,2021,1A5,ABFLOW038,Coal,,,0.0
Kochi,2021,1A5,ABFLOW038,Natural gas,,,0.0
Kochi,2021,1A5,ABFLOW038,Oil,,,0.0
Kochi,2021,1A5A,,Coal,,,0.0
Kochi,2021,1A5A,,Natural gas,,,0.0
Kochi,2021,1A5A,,Oil,,,0.0
Kochi,2021,1A5B,,Coal,,,0.0
Kochi,2021,1A5B,,Natural gas,,,0.0
Kochi,2021,1A5B,,Oil,,,0.0
Kochi,2021,1A5C,,Coal,,,0.0
Kochi,2021,1A5C,,Natural gas,,,0.0
Kochi,2021,1A5C,,Oil,,,0.0
Kochi,2021,1B,,,,,0.0
Kochi,2021,1B1,,,,,0.0
Kochi,2021,1B1A,,,,,0.0
Kochi,2021,1B1A1,,,,,0.0
Kochi,2021,1B1A11,,,,,0.0
Kochi,2021,1B1A12,,,,,0.0
Kochi,2021,1B1A13,,,,,0.0
Kochi,2021,1B1A14,,,,,0.0
Kochi,2021,1B1A2,,,,,0.0
Kochi,2021,1B1A21,,,,,0.0
Kochi,2021,1B1A22,,,,,0.0
Kochi,2021,1B1B,,,,,0.0
Kochi,2021,1B2,,,,,0.0
Kochi,2021,1B2A,,,,,0.0
Kochi,2021,1B2A1,,,,,0.0
Kochi,2021,1B2A2,,,,,0.0
Kochi,2021,1B2A3,,,,,0.0
Kochi,2021,1B2A31,,,,,0.0
Kochi,2021,1B2A32,,,,,0.0
Kochi,2021,1B2A33,,,,,0.0
Kochi,2021,1B2A34,,,,,0.0
Kochi,2021,1B2A35,,,,,0.0
Kochi,2021,1B2A36,,,,,0.0
Kochi,2021,1B2B,,,,,0.0
Kochi,2021,1B2B1,,,,,0.0
Kochi,2021,1B2B2,,,,,0.0
Kochi,2021,1B2B3,,,,,0.0
Kochi,2021,1B2B31,,,,,0.0
Kochi,2021,1B2B32,,,,,0.0
Kochi,2021,1B2B33,,,,,0.0
Kochi,2021,1B2B34,,,,,0.0
Kochi,2021,1B2B35,,,,,0.0
Kochi,2021,1B2B36,,,,,0.0
Kochi,2021,1B3,,,,,0.0
Kochi,2021,1C,,,,,0.0
Kochi,2021,1C1,,,,,0.0
Kochi,2021,1C1A,,,,,0.0
Kochi,2021,1C1B,,,,,0.0
Kochi,2021,1C1C,,,,,0.0
Kochi,2021,1C2,,,,,0.0
Kochi,2021,1C2A,,,,,0.0
Kochi,2021,1C2B,,,,,0.0
Kochi,2021,1C3,,,,,0.0
Kochi,2021,2,,,,,0.0
Kochi,2021,20,,,,,0.0
Kochi,2021,200,,,,,0.0
Kochi,2021,2000,,,,,0.0
Kochi,2021,20000,,,,,0.0
Kochi,2021,200000,,,,,0.0
Kochi,2021,2A,,,,,0.0
Kochi,2021,2A1,,,,,0.0
Kochi,2021,2A2,,,,,0.0
Kochi,2021,2A3,,,,,0.0
Kochi,2021,2A4,,,,,0.0
Kochi,2021,2A4A,,,,,0.0
Kochi,2021,2A4B,,,,,0.0
Kochi,2021,2A4C,,,,,0.0
Kochi,2021,2A4D,,,,,0.0
Kochi,2021,2B,,,,,0.0
Kochi,2021,2B1,,,,,0.0
Kochi,2021,2B10,,,,,0.0
Kochi,2021,2B2,,,,,0.0
Kochi,2021,2B3,,,,,0.0
Kochi,2021,2B4,,,,,0.0
Kochi,2021,2B5,,,,,0.0
Kochi,2021,2B6,,,,,0.0
Kochi,2021,2B7,,,,,0.0
Kochi,2021,2B8,,,,,0.0
Kochi,2021,2B8A,,,,,0.0
Kochi,2021,2B8B,,,,,0.0
Kochi,2021,2B8C,,,,,0.0
Kochi,2021,2B8D,,,,,0.0
Kochi,2021,2B8E,,,,,0.0
Kochi,2021,2B8F,,,,,0.0
Kochi,2021,2B9,,,,,0.0
Kochi,2021,2B9A,,,,,0.0
Kochi,2021,2B9B,,,,,0.0
Kochi,2021,2C,,,,,0.0
Kochi,2021,2C1,,,,,0.0
Kochi,2021,2C2,,,,,0.0
Kochi,2021,2C3,,,,,0.0
Kochi,2021,2C4,,,,,0.0
Kochi,2021,2C5,,,,,0.0
Kochi,2021,2C6,,,,,0.0
Kochi,2021,2C7,,,,,0.0
Kochi,2021,2D,,,,,0.0
Kochi,2021,2D1,,,,,0.0
Kochi,2021,2D2,,,,,0.0
Kochi,2021,2D3,,,,,0.0
Kochi,2021,2D4,,,,,0.0
Kochi,2021,2E,,,,,0.0
Kochi,2021,2F,,,,,0.0
Kochi,2021,2F1,,,,,0.0
Kochi,2021,2F2,,,,,0.0
Kochi,2021,2F3,,,,,0.0
Kochi,2021,2F4,,,,,0.0
Kochi,2021,2F5,,,,,0.0
Kochi,2021,2F6,,,,,0.0
Kochi,2021,2G,,,,,0.0
Kochi,2021,2G1,,,,,0.0
Kochi,2021,2G2,,,,,0.0
Kochi,2021,2G3,,,,,0.0
Kochi,2021,2G4,,,,,0.0
Kochi,2021,2H,,,,,0.0
Kochi,2021,2H1,,,,,0.0
Kochi,2021,2H2,,,,,0.0
Kochi,2021,2H3,,,,,0.0
Kochi,2021,3,,,,,0.0
Kochi,2021,3A,,,,,0.0
Kochi,2021,3A1,,,,,0.0
Kochi,2021,3A2,,,,,0.0
Kochi,2021,3B,,,,,0.0
Kochi,2021,3B1,,,,,0.0
Kochi,2021,3B1A,,,,,0.0
Kochi,2021,3B1B,,,,,0.0
Kochi,2021,3B2,,,,,0.0
Kochi,2021,3B2A,,,,,0.0
Kochi,2021,3B2B,,,,,0.0
Kochi,2021,3B3,,,,,0.0
Kochi,2021,3B3A,,,,,0.0
Kochi,2021,3B3B,,,,,0.0
Kochi,2021,3B4,,,,,0.0
Kochi,2021,3B4A,,,,,0.0
Kochi,2021,3B4B,,,,,0.0
Kochi,2021,3B5,,,,,0.0
Kochi,2021,3B5A,,,,,0.0
Kochi,2021,3B5B,,,,,0.0
Kochi,2021,3B6,,,,,0.0
Kochi,2021,3B6A,,,,,0.0
Kochi,2021,3B6B,,,,,0.0
Kochi,2021,3B6B1,,,,,0.0
Kochi,2021,3B6B2,,,,,0.0
Kochi,2021,3B6B3,,,,,0.0
Kochi,2021,3B6B4,,,,,0.0
Kochi,2021,3B6B5,,,,,0.0
Kochi,2021,3C,,,,,0.0
Kochi,2021,3C1,,,,,0.0
Kochi,2021,3C2,,,,,0.0
Kochi,2021,3C3,,,,,0.0
Kochi,2021,3C4,,,,,0.0
Kochi,2021,3C5,,,,,0.0
Kochi,2021,3C6,,,,,0.0
Kochi,2021,3C7,,,,,0.0
Kochi,2021,3C8,,,,,0.0
Kochi,2021,3D,,,,,0.0
Kochi,2021,3D1,,,,,0.0
Kochi,2021,3D2,,,,,0.0
Kochi,2021,4,,,,,0.0
Kochi,2021,4A,,,,,0.0
Kochi,2021,4A1,,,,,0.0
Kochi,2021,4A2,,,,,0.0
Kochi,2021,4A3,,,,,0.0
Kochi,2021,4B,,,,,0.0
Kochi,2021,4C,,,,,0.0
Kochi,2021,4C1,,,,,0.0
Kochi,2021,4C2,,,,,0.0
Kochi,2021,4D,,,,,0.0
Kochi,2021,4D1,,,,,0.0
Kochi,2021,4D2,,,,,0.0
Kochi,2021,4E,,,,,0.0
Kochi,2021,5,,,,,0.0
Kochi,2021,5A,,,,,0.0
Kochi,2021,5A1,,,,,0.0
Kochi,2021,5A2,,,,,0.0
Kochi,2022,0,,,,,0.0
Kochi,2022,1,,,,,0.0
Kochi,2022,1A,ABFLOW001,Coal,,,0.0
Kochi,2022,1A,ABFLOW001,Natural gas,,,0.0
Kochi,2022,1A,ABFLOW001,Oil,,,0.0
Kochi,2022,1A1,,Coal,,,0.0
Kochi,2022,1A1,,Natural gas,,,0.0
Kochi,2022,1A1,,Oil,,,0.0
Kochi,2022,1A1A,ABFLOW002,Coal,,,0.0
Kochi,2022,1A1A,ABFLOW002,Natural gas,,,0.0
Kochi,2022,1A1A,ABFLOW002,Oil,,,0.0
Kochi,2022,1A1A1,ABFLOW003,Coal,,,0.0
Kochi,2022,1A1A1,ABFLOW003,Natural gas,,,0.0
Kochi,2022,1A1A1,ABFLOW003,Oil,,,0.0
Kochi,2022,1A1A2,ABFLOW004,Coal,,,0.0
Kochi,2022,1A1A2,ABFLOW004,Natural gas,,,0.0
Kochi,2022,1A1A2,ABFLOW004,Oil,,,0.0
Kochi,2022,1A1A3,ABFLOW005,Coal,,,0.0
Kochi,2022,1A1A3,ABFLOW005,Natural gas,,,0.0
Kochi,2022,1A1A3,ABFLOW005,Oil,,,0.0
Kochi,2022,1A1B,ABFLOW011,Coal,,,0.0
Kochi,2022,1A1B,ABFLOW011,Natural gas,,,0.0
Kochi,2022,1A1B,ABFLOW011,Oil,,,0.0
Kochi,2022,1A1C,ABFLOW011,Coal,,,0.0
Kochi,2022,1A1C,ABFLOW011,Natural gas,,,0.0
Kochi,2022,1A1C,ABFLOW011,Oil,,,0.0
Kochi,2022,1A2,ABFLOW012,Coal,,,0.0
Kochi,2022,1A2,ABFLOW012,Natural gas,,,0.0
Kochi,2022,1A2,ABFLOW012,Oil,,,0.0
Kochi,2022,1A2A,ABFLOW016,Coal,,,0.0
Kochi,2022,1A2A,ABFLOW016,Natural gas,,,0.0
Kochi,2022,1A2A,ABFLOW016,Oil,,,0.0
Kochi,2022,1A2B,ABFLOW018,Coal,,,0.0
Kochi,2022,1A2B,ABFLOW018,Natural gas,,,0.0
Kochi,2022,1A2B,ABFLOW018,Oil,,,0.0
Kochi,2022,1A2C,ABFLOW017,Coal,,,0.0
Kochi,2022,1A2C,ABFLOW017,Natural gas,,,0.0
Kochi,2022,1A2C,ABFLOW017,Oil,,,0.0
Kochi,2022,1A2D,ABFLOW023,Coal,,,0.0
Kochi,2022,1A2D,ABFLOW023,Natural gas,,,0.0
Kochi,2022,1A2D,ABFLOW023,Oil,,,0.0
Kochi,2022,1A2E,ABFLOW022,Coal,,,0.0
Kochi,2022,1A2E,ABFLOW022,Natural gas,,,0.0
Kochi,2022,1A2E,ABFLOW022,Oil,,,0.0
Kochi,2022,1A2F,ABFLOW019,Coal,,,0.0
Kochi,2022,1A2F,ABFLOW019,Natural gas,,,0.0
Kochi,2022,1A2F,ABFLOW019,Oil,,,0.0
Kochi,2022,1A2G,ABFLOW020,Coal,,,0.0
Kochi,2022,1A2G,ABFLOW020,Natural gas,,,0.0
Kochi,2022,1A2G,ABFLOW020,Oil,,,0.0
Kochi,2022,1A2H,ABFLOW021,Coal,,,0.0
Kochi,2022,1A2H,ABFLOW021,Natural gas,,,0.0
Kochi,2022,1A2H,ABFLOW021,Oil,,,0.0
Kochi,2022,1A2I,ABFLOW013,Coal,,,0.0
Kochi,2022,1A2I,ABFLOW013,Natural gas,,,0.0
Kochi,2022,1A2I,ABFLOW013,Oil,,,0.0
Kochi,2022,1A2J,ABFLOW024,Coal,,,0.0
Kochi,2022,1A2J,ABFLOW024,Natural gas,,,0.0
Kochi,2022,1A2J,ABFLOW024,Oil,,,0.0
Kochi,2022,1A2K,ABFLOW014,Coal,,,0.0
Kochi,2022,1A2K,ABFLOW014,Natural gas,,,0.0
Kochi,2022,1A2K,ABFLOW014,Oil,,,0.0
Kochi,2022,1A2L,ABFLOW025,Coal,,,0.0
Kochi,2022,1A2L,ABFLOW025,Natural gas,,,0.0
Kochi,2022,1A2L,ABFLOW025,Oil,,,0.0
Kochi,2022,1A2M,ABFLOW026,Coal,,,0.0
Kochi,2022,1A2M,ABFLOW026,Natural gas,,,0.0
Kochi,2022,1A2M,ABFLOW026,Oil,,,0.0
Kochi,2022,1A3,ABFLOW027,Coal,,,0.0
Kochi,2022,1A3,ABFLOW027,Natural gas,,,0.0
Kochi,2022,1A3,ABFLOW027,Oil,,,0.0
Kochi,2022,1A3A,,Coal,,,0.0
Kochi,2022,1A3A,,Natural gas,,,0.0
Kochi,2022,1A3A,,Oil,,,0.0
Kochi,2022,1A3A1,ABFLOW040,Coal,,,0.0
Kochi,2022,1A3A1,ABFLOW040,Natural gas,,,0.0
Kochi,2022,1A3A1,ABFLOW040,Oil,,,0.0
Kochi,2022,1A3A2,ABFLOW029,Coal,,,0.0
Kochi,2022,1A3A2,ABFLOW029,Natural gas,,,0.0
Kochi,2022,1A3A2,ABFLOW029,Oil,,,0.0
Kochi,2022,1A3B,ABFLOW028,Coal,,,0.0
Kochi,2022,1A3B,ABFLOW028,Natural gas,,,0.0
Kochi,2022,1A3B,ABFLOW028,Oil,,,0.0
Kochi,2022,1A3C,ABFLOW030,Coal,,,0.0
Kochi,2022,1A3C,ABFLOW030,Natural gas,,,0.0
Kochi,2022,1A3C,ABFLOW030,Oil,,,0.0
Kochi,2022,1A3D,,Coal,,,0.0
Kochi,2022,1A3D,,Natural gas,,,0.0
Kochi,2022,1A3D,,Oil,,,0.0
Kochi,2022,1A3D1,ABFLOW039,Coal,,,0.0
Kochi,2022,1A3D1,ABFLOW039,Natural gas,,,0.0
Kochi,2022,1A3D1,ABFLOW039,Oil,,,0.0
Kochi,2022,1A3D2,ABFLOW032,Coal,,,0.0
Kochi,2022,1A3D2,ABFLOW032,Natural gas,,,0.0
Kochi,2022,1A3D2,ABFLOW032,Oil,,,0.0
Kochi,2022,1A3E,,Coal,,,0.0
Kochi,2022,1A3E,,Natural gas,,,0.0
Kochi,2022,1A3E,,Oil,,,0.0
Kochi,2022,1A3E1,ABFLOW033,Coal,,,0.0
Kochi,2022,1A3E1,ABFLOW033,Natural gas,,,0.0
Kochi,2022,1A3E1,ABFLOW033,Oil,,,0.0
Kochi,2022,1A4,,Coal,,,0.0
Kochi,2022,1A4,,Natural gas,,,0.0
Kochi,2022,1A4,,Oil,,,0.0
Kochi,2022,1A4A,ABFLOW035,Coal,,,0.0
Kochi,2022,1A4A,ABFLOW035,Natural gas,,,0.0
Kochi,2022,1A4A,ABFLOW035,Oil,,,0.0
Kochi,2022,1A4B,ABFLOW034,Coal,,,0.0
Kochi,2022,1A4B,ABFLOW034,Natural gas,,,0.0
Kochi,2022,1A4B,ABFLOW034,Oil,,,0.0
Kochi,2022,1A4C,,Coal,,,0.0
Kochi,2022,1A4C,,Natural gas,,,0.0
Kochi,2022,1A4C,,Oil,,,0.0
Kochi,2022,1A4C1,ABFLOW036,Coal,,,0.0
Kochi,2022,1A4C1,ABFLOW036,Natural gas,,,0.0
Kochi,2022,1A4C1,ABFLOW036,Oil,,,0.0
Kochi,2022,1A4C2,ABFLOW037,Coal,,,0.0
Kochi,2022,1A4C2,ABFLOW037,Natural gas,,,0.0
Kochi,2022,1A4C2,ABFLOW037,Oil,,,0.0
Kochi,2022,1A4C3,,Coal,,,0.0
Kochi,2022,1A4C3,,Natural gas,,,0.0
Kochi,2022,1A4C3,,Oil,,,0.0
Kochi,2022,1A5,ABFLOW038,Coal,,,0.0
Kochi,2022,1A5,ABFLOW038,Natural gas,,,0.0
Kochi,2022,1A5,ABFLOW038,Oil,,,0.0
Kochi,2022,1A5A,,Coal,,,0.0
Kochi,2022,1A5A,,Natural gas,,,0.0
Kochi,2022,1A5A,,Oil,,,0.0
Kochi,2022,1A5B,,Coal,,,0.0
Kochi,2022,1A5B,,Natural gas,,,0.0
Kochi,2022,1A5B,,Oil,,,0.0
Kochi,2022,1A5C,,Coal,,,0.0
Kochi,2022,1A5C,,Natural gas,,,0.0
Kochi,2022,1A5C,,Oil,,,0.0
Kochi,2022,1B,,,,,0.0
Kochi,2022,1B1,,,,,0.0
Kochi,2022,1B1A,,,,,0.0
Kochi,2022,1B1A1,,,,,0.0
Kochi,2022,1B1A11,,,,,0.0
Kochi,2022,1B1A12,,,,,0.0
Kochi,2022,1B1A13,,,,,0.0
Kochi,2022,1B1A14,,,,,0.0
Kochi,2022,1B1A2,,,,,0.0
Kochi,2022,1B1A21,,,,,0.0
Kochi,2022,1B1A22,,,,,0.0
Kochi,2022,1B1B,,,,,0.0
Kochi,2022,1B2,,,,,0.0
Kochi,2022,1B2A,,,,,0.0
Kochi,2022,1B2A1,,,,,0.0
Kochi,2022,1B2A2,,,,,0.0
Kochi,2022,1B2A3,,,,,0.0
Kochi,2022,1B2A31,,,,,0.0
Kochi,2022,1B2A32,,,,,0.0
Kochi,2022,1B2A33,,,,,0.0
Kochi,2022,1B2A34,,,,,0.0
Kochi,2022,1B2A35,,,,,0.0
Kochi,2022,1B2A36,,,,,0.0
Kochi,2022,1B2B,,,,,0.0
Kochi,2022,1B2B1,,,,,0.0
Kochi,2022,1B2B2,,,,,0.0
Kochi,2022,1B2B3,,,,,0.0
Kochi,2022,1B2B31,,,,,0.0
Kochi,2022,1B2B32,,,,,0.0
Kochi,2022,1B2B33,,,,,0.0
Kochi,2022,1B2B34,,,,,0.0
Kochi,2022,1B2B35,,,,,0.0
Kochi,2022,1B2B36,,,,,0.0
Kochi,2022,1B3,,,,,0.0
Kochi,2022,1C,,,,,0.0
Kochi,2022,1C1,,,,,0.0
Kochi,2022,1C1A,,,,,0.0
Kochi,2022,1C1B,,,,,0.0
Kochi,2022,1C1C,,,,,0.0
Kochi,2022,1C2,,,,,0.0
Kochi,2022,1C2A,,,,,0.0
Kochi,2022,1C2B,,,,,0.0
Kochi,2022,1C3,,,,,0.0
Kochi,2022,2,,,,,0.0
Kochi,2022,20,,,,,0.0
Kochi,2022,200,,,,,0.0
Kochi,2022,2000,,,,,0.0
Kochi,2022,20000,,,,,0.0
Kochi,2022,200000,,,,,0.0
Kochi,2022,2A,,,,,0.0
Kochi,2022,2A1,,,,,0.0
Kochi,2022,2A2,,,,,0.0
Kochi,2022,2A3,,,,,0.0
Kochi,2022,2A4,,,,,0.0
Kochi,2022,2A4A,,,,,0.0
Kochi,2022,2A4B,,,,,0.0
Kochi,2022,2A4C,,,,,0.0
Kochi,2022,2A4D,,,,,0.0
Kochi,2022,2B,,,,,0.0
Kochi,2022,2B1,,,,,0.0
Kochi,2022,2B10,,,,,0.0
Kochi,2022,2B2,,,,,0.0
Kochi,2022,2B3,,,,,0.0
Kochi,2022,2B4,,,,,0.0
Kochi,2022,2B5,,,,,0.0
Kochi,2022,2B6,,,,,0.0
Kochi,2022,2B7,,,,,0.0
Kochi,2022,2B8,,,,,0.0
Kochi,2022,2B8A,,,,,0.0
Kochi,2022,2B8B,,,,,0.0
Kochi,2022,2B8C,,,,,0.0
Kochi,2022,2B8D,,,,,0.0
Kochi,2022,2B8E,,,,,0.0
Kochi,2022,2B8F,,,,,0.0
Kochi,2022,2B9,,,,,0.0
Kochi,2022,2B9A,,,,,0.0
Kochi,2022,2B9B,,,,,0.0
Kochi,2022,2C,,,,,0.0
Kochi,2022,2C1,,,,,0.0
Kochi,2022,2C2,,,,,0.0
Kochi,2022,2C3,,,,,0.0
Kochi,2022,2C4,,,,,0.0
Kochi,2022,2C5,,,,,0.0
Kochi,2022,2C6,,,,,0.0
Kochi,2022,2C7,,,,,0.0
Kochi,2022,2D,,,,,0.0
Kochi,2022,2D1,,,,,0.0
Kochi,2022,2D2,,,,,0.0
Kochi,2022,2D3,,,,,0.0
Kochi,2022,2D4,,,,,0.0
Kochi,2022,2E,,,,,0.0
Kochi,2022,2F,,,,,0.0
Kochi,2022,2F1,,,,,0.0
Kochi,2022,2F2,,,,,0.0
Kochi,2022,2F3,,,,,0.0
Kochi,2022,2F4,,,,,0.0
Kochi,2022,2F5,,,,,0.0
Kochi,2022,2F6,,,,,0.0
Kochi,2022,2G,,,,,0.0
Kochi,2022,2G1,,,,,0.0
Kochi,2022,2G2,,,,,0.0
Kochi,2022,2G3,,,,,0.0
Kochi,2022,2G4,,,,,0.0
Kochi,2022,2H,,,,,0.0
Kochi,2022,2H1,,,,,0.0
Kochi,2022,2H2,,,,,0.0
Kochi,2022,2H3,,,,,0.0
Kochi,2022,3,,,,,0.0
Kochi,2022,3A,,,,,0.0
Kochi,2022,3A1,,,,,0.0
Kochi,2022,3A2,,,,,0.0
Kochi,2022,3B,,,,,0.0
Kochi,2022,3B1,,,,,0.0
Kochi,2022,3B1A,,,,,0.0
Kochi,2022,3B1B,,,,,0.0
Kochi,2022,3B2,,,,,0.0
Kochi,2022,3B2A,,,,,0.0
Kochi,2022,3B2B,,,,,0.0
Kochi,2022,3B3,,,,,0.0
Kochi,2022,3B3A,,,,,0.0
Kochi,2022,3B3B,,,,,0.0
Kochi,2022,3B4,,,,,0.0
Kochi,2022,3B4A,,,,,0.0
Kochi,2022,3B4B,,,,,0.0
Kochi,2022,3B5,,,,,0.0
Kochi,2022,3B5A,,,,,0.0
Kochi,2022,3B5B,,,,,0.0
Kochi,2022,3B6,,,,,0.0
Kochi,2022,3B6A,,,,,0.0
Kochi,2022,3B6B,,,,,0.0
Kochi,2022,3B6B1,,,,,0.0
Kochi,2022,3B6B2,,,,,0.0
Kochi,2022,3B6B3,,,,,0.0
Kochi,2022,3B6B4,,,,,0.0
Kochi,2022,3B6B5,,,,,0.0
Kochi,2022,3C,,,,,0.0
Kochi,2022,3C1,,,,,0.0
Kochi,2022,3C2,,,,,0.0
Kochi,2022,3C3,,,,,0.0
Kochi,2022,3C4,,,,,0.0
Kochi,2022,3C5,,,,,0.0
Kochi,2022,3C6,,,,,0.0
Kochi,2022,3C7,,,,,0.0
Kochi,2022,3C8,,,,,0.0
Kochi,2022,3D,,,,,0.0
Kochi,2022,3D1,,,,,0.0
Kochi,2022,3D2,,,,,0.0
Kochi,2022,4,,,,,0.0
Kochi,2022,4A,,,,,0.0
Kochi,2022,4A1,,,,,0.0
Kochi,2022,4A2,,,,,0.0
Kochi,2022,4A3,,,,,0.0
Kochi,2022,4B,,,,,0.0
Kochi,2022,4C,,,,,0.0
Kochi,2022,4C1,,,,,0.0
Kochi,2022,4C2,,,,,0.0
Kochi,2022,4D,,,,,0.0
Kochi,2022,4D1,,,,,0.0
Kochi,2022,4D2,,,,,0.0
Kochi,2022,4E,,,,,0.0
Kochi,2022,5,,,,,0.0
Kochi,2022,5A,,,,,0.0
Kochi,2022,5A1,,,,,0.0
Kochi,2022,5A2,,,,,0.0
